Time(s),PPG(mV)
0.0000,0
0.0004,0
0.0010,0
0.0123,0
0.0127,0
0.0259,0
0.0322,0
0.0585,0
0.0590,0
0.0597,0
0.0659,0
0.0672,1
0.0812,0
0.0817,0
0.0923,0
0.1060,0
0.1125,0
0.1131,0
0.1197,0
0.1312,0
0.1447,0
0.1498,1
0.1501,0
0.1822,0
0.2086,0
0.2197,0
0.2209,0
0.2221,0
0.2225,0
0.2235,0
0.2247,0
0.2348,0
0.2352,1
0.2436,0
0.2547,0
0.2722,1
0.2726,0
0.2986,0
0.2999,0
0.3123,0
0.3127,0
0.3159,1
0.3249,0
0.3300,0
0.3305,1
0.3310,0
0.3459,0
0.3471,1
0.3610,0
0.3749,0
0.3759,1
0.3763,0
0.3909,0
0.4172,0
0.4177,0
0.4184,0
0.4311,0
0.4322,0
0.4461,0
0.4466,0
0.4471,0
0.4636,0
0.4773,0
0.4777,1
0.4923,0
0.4927,0
0.5009,0
0.5149,0
0.5154,0
0.5424,0
0.5436,0
0.5449,0
0.5454,0
0.5498,0
0.5636,0
0.5697,0
0.5860,0
0.5864,0
0.5910,0
0.6047,0
0.6112,0
0.6224,0
0.6498,0
0.6503,0
0.6509,0
0.6599,0
0.6604,0
0.6647,0
0.6786,0
0.7023,0
0.7027,0
0.7122,0
0.7127,0
0.7209,0
0.7272,0
0.7347,0
0.7423,1
0.7427,0
0.7509,0
0.7722,0
0.7727,0
0.7734,0
0.7847,0
0.7987,0
0.7992,0
0.8000,0
0.8136,0
0.8424,0
0.8436,0
0.8441,1
0.8447,0
0.8559,0
0.8624,0
0.8629,0
0.8874,1
0.8884,0
0.8922,0
0.9035,0
0.9039,0
0.9174,0
0.9235,1
0.9385,0
0.9389,1
0.9571,0
0.9575,0
0.9584,1
0.9722,0
0.9784,0
1.0049,0
1.0053,1
1.0059,0
1.0135,0
1.0139,1
1.0210,0
1.0347,0
1.0410,1
1.0499,0
1.0559,0
1.0564,1
1.0698,1
1.0836,1
1.0840,0
1.0923,0
1.1035,1
1.1298,0
1.1302,1
1.1322,0
1.1327,0
1.1436,0
1.1572,0
1.1576,0
1.1659,0
1.1748,0
1.1836,1
1.1841,0
1.2060,0
1.2065,0
1.2122,0
1.2424,0
1.2434,0
1.2561,0
1.2566,0
1.2572,0
1.2586,1
1.2591,0
1.2774,0
1.2824,0
1.2960,0
1.2965,0
1.2999,0
1.3136,1
1.3199,0
1.3335,1
1.3341,1
1.3411,0
1.3659,0
1.3735,0
1.3747,0
1.3833,0
1.3839,0
1.3923,0
1.4061,0
1.4072,0
1.4124,0
1.4261,0
1.4322,0
1.4327,0
1.4697,0
1.4702,1
1.4709,0
1.4962,0
1.4966,0
1.4972,0
1.5135,0
1.5146,0
1.5162,0
1.5167,0
1.5247,0
1.5311,0
1.5549,1
1.5560,0
1.5564,0
1.5572,0
1.5736,0
1.5774,0
1.5779,0
1.6022,0
1.6034,0
1.6149,0
1.6154,0
1.6235,0
1.6286,0
1.6424,1
1.6586,0
1.6597,1
1.6659,0
1.6749,0
1.6848,1
1.6852,1
1.7171,0
1.7176,0
1.7185,0
1.7248,0
1.7252,1
1.7424,0
1.7429,1
1.7613,0
1.7660,1
1.7665,0
1.7799,0
1.7859,0
1.7999,0
1.8004,0
1.8009,0
1.8309,0
1.8322,0
1.8437,0
1.8442,1
1.8447,0
1.8599,0
1.8662,0
1.8667,0
1.8747,0
1.8797,0
1.8934,0
1.8998,0
1.9003,0
1.9134,0
1.9221,0
1.9484,1
1.9488,0
1.9558,0
1.9562,1
1.9621,0
1.9760,0
1.9847,0
1.9909,0
1.9913,0
2.0022,0
2.0260,0
2.0264,0
2.0271,0
2.0409,0
2.0460,0
2.0734,0
2.0745,0
2.0749,1
2.0759,0
2.0810,1
2.0814,0
2.0934,0
2.1185,0
2.1199,0
2.1204,0
2.1346,0
2.1350,0
2.1412,0
2.1549,1
2.1554,0
2.1611,0
2.1923,0
2.2112,0
2.2121,1
2.2135,0
2.2140,0
2.2146,0
2.2297,0
2.2309,0
2.2424,0
2.2429,0
2.2510,0
2.2649,0
2.2654,0
2.2711,0
2.2847,0
2.3136,1
2.3141,0
2.3147,1
2.3210,0
2.3221,0
2.3474,0
2.3479,1
2.3536,0
2.3624,0
2.3685,0
2.3823,0
2.3827,0
2.3961,0
2.4022,0
2.4287,0
2.4292,0
2.4296,0
2.4309,0
2.4374,0
2.4379,0
2.4486,0
2.4572,0
2.4624,0
2.4762,0
2.4766,0
2.4924,0
2.4928,0
2.5009,0
2.5149,0
2.5154,1
2.5234,1
2.5436,0
2.5447,0
2.5451,0
2.5459,0
2.5622,0
2.5711,0
2.5924,0
2.5929,0
2.5934,0
2.6049,0
2.6137,0
2.6141,0
2.6198,0
2.6286,1
2.6599,0
2.6612,0
2.6617,0
2.6647,0
2.6710,0
2.6822,0
2.6911,0
2.7048,1
2.7052,0
2.7112,0
2.7287,0
2.7291,0
2.7622,0
2.7626,1
2.7634,0
2.7860,0
2.7864,0
2.7871,0
2.7884,0
2.8124,0
2.8129,0
2.8134,0
2.8138,0
2.8235,0
2.8337,0
2.8342,0
2.8424,1
2.8586,0
2.8637,0
2.8641,0
2.8723,0
2.8998,1
2.9010,0
2.9022,0
2.9026,1
2.9172,0
2.9234,1
2.9349,0
2.9353,0
2.9497,0
2.9502,0
2.9634,0
2.9697,0
2.9836,0
2.9840,0
2.9897,105
3.0186,286
3.0206,488
3.0211,680
3.0216,857
3.0360,1014
3.0410,1146
3.0415,1256
3.0485,1344
3.0621,1418
3.0709,1482
3.0847,1547
3.0851,1627
3.0896,1740
3.1035,1903
3.1347,2117
3.1359,2380
3.1372,2687
3.1377,3019
3.1384,3350
3.1537,3655
3.1541,3811
3.1624,3812
3.1734,3812
3.1873,3813
3.1876,3812
3.2060,3811
3.2065,3812
3.2124,3804
3.2386,3646
3.2390,3408
3.2649,3124
3.2654,2812
3.2659,2494
3.2672,2178
3.2675,1882
3.2761,1616
3.2886,1381
3.2896,1182
3.3048,1027
3.3052,907
3.3059,816
3.3185,756
3.3324,722
3.3332,714
3.3436,729
3.4099,764
3.4112,819
3.4116,895
3.4158,993
3.4162,1103
3.4171,1229
3.4186,1363
3.4191,1504
3.4197,1650
3.4210,1792
3.4360,1927
3.4501,2051
3.4508,2157
3.4512,2239
3.4684,2297
3.4937,2332
3.4941,2342
3.4988,2324
3.4992,2286
3.4999,2233
3.5149,2162
3.5197,2079
3.5201,1985
3.5335,1883
3.5501,1786
3.5509,1687
3.5513,1592
3.5647,1505
3.5799,1428
3.5811,1360
3.5816,1299
3.6086,1254
3.6098,1218
3.6112,1190
3.6222,1169
3.6311,1159
3.6316,1160
3.6448,1165
3.6585,1178
3.6590,1190
3.6649,1205
3.6786,1229
3.6860,1253
3.6865,1274
3.6950,1298
3.7009,1322
3.7274,1343
3.7285,1362
3.7290,1386
3.7424,1410
3.7428,1433
3.7560,1455
3.7649,1476
3.7660,1500
3.7774,1523
3.7848,1537
3.7911,1548
3.7998,1558
3.8003,1566
3.8149,1571
3.8198,1571
3.8460,1573
3.8464,1576
3.8472,1572
3.8486,1571
3.8636,1569
3.8723,1567
3.8810,1568
3.8815,1564
3.8899,1560
3.9036,1555
3.9041,1550
3.9122,1547
3.9261,1542
3.9312,1541
3.9317,1542
3.9611,1541
3.9622,1536
3.9636,1533
3.9899,1528
3.9904,1520
3.9923,1510
3.9928,1502
4.0009,1497
4.0162,1495
4.0167,1503
4.0424,1525
4.0436,1577
4.0448,1668
4.0453,1811
4.0498,2020
4.0824,2297
4.0835,2633
4.0847,3007
4.0850,3391
4.0947,3763
4.1036,3810
4.1173,3813
4.1177,3813
4.1447,3812
4.1452,3814
4.1459,3812
4.1474,3813
4.1479,3811
4.1611,3812
4.1723,3812
4.1974,3809
4.1979,3621
4.2095,3332
4.2099,2998
4.2108,2646
4.2474,2298
4.2497,1973
4.2511,1684
4.2516,1436
4.2521,1230
4.2673,1066
4.2678,949
4.2684,868
4.2836,820
4.2949,802
4.3209,813
4.3214,848
4.3222,904
4.3311,980
4.3324,1074
4.3329,1188
4.3574,1313
4.3579,1447
4.3661,1587
4.3724,1733
4.3729,1875
4.3786,2006
4.3924,2126
4.4097,2232
4.4101,2318
4.4108,2379
4.4424,2412
4.4436,2424
4.4441,2413
4.4585,2375
4.4590,2315
4.4636,2241
4.4774,2155
4.4779,2064
4.4924,1965
4.4929,1867
4.4986,1769
4.5149,1677
4.5154,1587
4.5200,1503
4.5448,1430
4.5459,1369
4.5611,1317
4.5616,1275
4.5621,1241
4.5761,1220
4.5772,1207
4.5777,1198
4.5936,1197
4.6022,1203
4.6185,1213
4.6189,1231
4.6197,1254
4.6411,1285
4.6422,1318
4.6698,1351
4.6702,1383
4.6709,1411
4.6998,1439
4.7009,1464
4.7014,1486
4.7034,1509
4.7038,1534
4.7286,1556
4.7297,1574
4.7309,1590
4.7423,1605
4.7428,1618
4.7509,1624
4.7649,1632
4.7654,1638
4.7886,1647
4.7898,1653
4.7910,1657
4.7915,1660
4.8009,1664
4.8099,1659
4.8299,1654
4.8386,1648
4.8391,1646
4.8474,1642
4.8534,1637
4.8648,1633
4.8653,1628
4.8735,1621
4.9022,1611
4.9034,1599
4.9135,1593
4.9139,1588
4.9146,1581
4.9284,1574
4.9347,1568
4.9351,1561
4.9546,1551
4.9551,1536
4.9609,1523
4.9747,1512
4.9752,1512
5.0010,1524
5.0014,1559
5.0021,1635
5.0272,1760
5.0277,1945
5.0284,2200
5.0296,2521
5.0459,2894
5.0471,3288
5.0475,3675
5.0634,3812
5.0724,3811
5.0810,3812
5.0814,3813
5.1048,3812
5.1059,3812
5.1359,3812
5.1372,3812
5.1376,3812
5.1510,3812
5.1513,3812
5.1522,3719
5.1526,3463
5.1684,3140
5.1696,2790
5.1835,2441
5.1838,2104
5.2021,1797
5.2025,1535
5.2109,1310
5.2235,1127
5.2242,986
5.2397,885
5.2403,819
5.2647,781
5.2659,772
5.2664,793
5.2709,836
5.2859,900
5.2910,980
5.3309,1079
5.3313,1202
5.3321,1333
5.3334,1469
5.3347,1616
5.3351,1767
5.3434,1911
5.3547,2047
5.3799,2167
5.3804,2268
5.3910,2351
5.3915,2408
5.3922,2439
5.4073,2453
5.4077,2442
5.4084,2401
5.4222,2339
5.4335,2256
5.4338,2162
5.4546,2059
5.4551,1947
5.4600,1836
5.4736,1726
5.4998,1626
5.5009,1535
5.5015,1451
5.5086,1384
5.5249,1327
5.5254,1279
5.5386,1241
5.5391,1214
5.5397,1200
5.5401,1193
5.5522,1193
5.5636,1198
5.5723,1210
5.5812,1227
5.5816,1246
5.5947,1266
5.6184,1291
5.6196,1318
5.6209,1343
5.6345,1367
5.6350,1395
5.6397,1421
5.6599,1446
5.6604,1468
5.6609,1491
5.6761,1514
5.6786,1535
5.6936,1553
5.6986,1573
5.6991,1595
5.7123,1613
5.7360,1625
5.7372,1638
5.7385,1645
5.7390,1652
5.7522,1654
5.7636,1656
5.7722,1655
5.7726,1656
5.7847,1651
5.7937,1645
5.7941,1639
5.7998,1635
5.8134,1628
5.8224,1621
5.8310,1615
5.8314,1609
5.8659,1604
5.8672,1596
5.8684,1588
5.8688,1585
5.8833,1581
5.8838,1579
5.8923,1571
5.9060,1566
5.9071,1558
5.9124,1551
5.9261,1544
5.9324,1543
5.9329,1560
5.9635,1604
5.9640,1684
5.9897,1819
5.9912,2017
5.9949,2285
5.9959,2606
5.9964,2972
6.0112,3354
6.0122,3722
6.0260,3812
6.0265,3813
6.0271,3810
6.0423,3811
6.0488,3812
6.0492,3812
6.0736,3812
6.0747,3812
6.0974,3811
6.0979,3813
6.0984,3778
6.0997,3564
6.1260,3263
6.1272,2920
6.1277,2562
6.1284,2220
6.1423,1902
6.1536,1613
6.1672,1362
6.1683,1156
6.1774,996
6.1834,873
6.2099,787
6.2104,739
6.2109,720
6.2123,728
6.2287,754
6.2291,803
6.2424,881
6.2428,973
6.2486,1078
6.2724,1201
6.2834,1337
6.2839,1483
6.2924,1633
6.3010,1783
6.3015,1932
6.3274,2075
6.3286,2201
6.3398,2305
6.3403,2386
6.3408,2445
6.3411,2475
6.3549,2473
6.3611,2448
6.3749,2400
6.3834,2330
6.3840,2243
6.3897,2145
6.4010,2040
6.4014,1933
6.4159,1825
6.4172,1717
6.4472,1620
6.4482,1535
6.4496,1455
6.4500,1389
6.4647,1336
6.4685,1294
6.4689,1263
6.4911,1238
6.4916,1223
6.4999,1213
6.5173,1213
6.5182,1214
6.5187,1221
6.5334,1238
6.5586,1260
6.5597,1283
6.5601,1308
6.5697,1336
6.5709,1364
6.6023,1388
6.6027,1412
6.6034,1433
6.6046,1453
6.6149,1474
6.6155,1492
6.6223,1511
6.6311,1535
6.6472,1559
6.6522,1577
6.6527,1591
6.6824,1605
6.6874,1621
6.6885,1631
6.6889,1639
6.7148,1647
6.7154,1650
6.7163,1655
6.7210,1656
6.7214,1656
6.7324,1657
6.7410,1655
6.7548,1650
6.7560,1647
6.7563,1642
6.7711,1638
6.7986,1626
6.7999,1610
6.8008,1598
6.8013,1584
6.8159,1570
6.8223,1555
6.8311,1542
6.8316,1537
6.8423,1531
6.8560,1528
6.8649,1532
6.8654,1552
6.8735,1593
6.8796,1664
6.8936,1787
6.9198,1972
6.9203,2217
6.9208,2521
6.9221,2869
6.9397,3240
6.9408,3603
6.9546,3812
6.9550,3810
6.9597,3813
6.9735,3813
6.9739,3811
6.9928,3812
6.9932,3813
6.9984,3812
7.0122,3812
7.0358,3804
7.0363,3628
7.0397,3353
7.0409,3031
7.0509,2687
7.0514,2348
7.0649,2028
7.0710,1738
7.0922,1483
7.0927,1268
7.1059,1090
7.1123,950
7.1186,842
7.1190,767
7.1234,723
7.1499,708
7.1510,722
7.1515,756
7.1519,811
7.1623,891
7.1734,988
7.1874,1104
7.1879,1238
7.2009,1387
7.2013,1544
7.2124,1708
7.2423,1868
7.2428,2023
7.2447,2169
7.2451,2301
7.2484,2409
7.2734,2495
7.2808,2553
7.2813,2583
7.2822,2577
7.2998,2544
7.3003,2485
7.3009,2404
7.3149,2309
7.3236,2200
7.3374,2083
7.3379,1971
7.3461,1856
7.3573,1745
7.3637,1644
7.3641,1554
7.3911,1476
7.3915,1410
7.3999,1350
7.4060,1304
7.4064,1273
7.4198,1251
7.4209,1237
7.4347,1234
7.4359,1241
7.4533,1250
7.4537,1262
7.4596,1281
7.4735,1303
7.4746,1325
7.5061,1347
7.5066,1370
7.5197,1395
7.5322,1424
7.5410,1448
7.5415,1474
7.5421,1499
7.5435,1524
7.5440,1548
7.5611,1568
7.5622,1588
7.5709,1611
7.5847,1630
7.5852,1647
7.5911,1659
7.6159,1674
7.6172,1689
7.6177,1702
7.6334,1710
7.6347,1721
7.6399,1730
7.6535,1736
7.6539,1734
7.6698,1730
7.6709,1721
7.6860,1708
7.6873,1690
7.7009,1673
7.7012,1656
7.7172,1649
7.7448,1650
7.7453,1674
7.7474,1738
7.7478,1847
7.7484,2010
7.7760,2229
7.7764,2503
7.7771,2818
7.7859,3147
7.7922,3465
7.8060,3755
7.8065,3812
7.8149,3811
7.8286,3814
7.8347,3811
7.8351,3813
7.8709,3812
7.8723,3810
7.8912,3729
7.8917,3528
7.8921,3265
7.8936,2967
7.8947,2656
7.9199,2348
7.9204,2054
7.9209,1780
7.9222,1529
7.9375,1311
7.9383,1131
7.9546,986
7.9551,870
7.9559,786
7.9835,733
7.9847,706
7.9859,700
7.9863,716
8.0009,757
8.0149,822
8.0159,904
8.0212,1005
8.0347,1125
8.0436,1262
8.0484,1408
8.0489,1565
8.0649,1722
8.0659,1876
8.0937,2026
8.0941,2162
8.0947,2281
8.1074,2377
8.1084,2448
8.1224,2488
8.1229,2497
8.1311,2482
8.1424,2445
8.1510,2383
8.1514,2307
8.1648,2214
8.1709,2113
8.1859,2004
8.2162,1892
8.2170,1785
8.2174,1686
8.2178,1595
8.2260,1510
8.2264,1436
8.2461,1377
8.2466,1330
8.2598,1289
8.2610,1261
8.2721,1245
8.2726,1237
8.2860,1236
8.2922,1240
8.2927,1251
8.3010,1269
8.3335,1287
8.3346,1308
8.3360,1335
8.3364,1360
8.3461,1383
8.3472,1403
8.3634,1424
8.3685,1447
8.3689,1473
8.3822,1493
8.3909,1512
8.4010,1533
8.4013,1555
8.4147,1578
8.4209,1597
8.4572,1616
8.4584,1636
8.4595,1653
8.4599,1666
8.4609,1677
8.4722,1685
8.4725,1690
8.4896,1690
8.4901,1684
8.5259,1678
8.5271,1673
8.5282,1670
8.5286,1672
8.5296,1689
8.5435,1726
8.5445,1792
8.5449,1907
8.5696,2074
8.5708,2302
8.5847,2582
8.5851,2902
8.5896,3239
8.6034,3571
8.6159,3811
8.6172,3813
8.6177,3811
8.6335,3813
8.6424,3812
8.6510,3812
8.6514,3813
8.6649,3813
8.6911,3812
8.6923,3694
8.6927,3462
8.6931,3173
8.7059,2858
8.7084,2538
8.7335,2224
8.7340,1932
8.7359,1671
8.7363,1444
8.7500,1247
8.7611,1089
8.7748,966
8.7752,879
8.7812,821
8.8061,789
8.8071,782
8.8075,802
8.8123,844
8.8261,903
8.8324,979
8.8332,1074
8.8436,1180
8.8522,1298
8.8664,1428
8.8669,1568
8.8674,1713
8.8935,1855
8.8948,1992
8.9009,2123
8.9014,2240
8.9222,2333
8.9234,2404
8.9372,2450
8.9433,2472
8.9520,2466
8.9525,2434
8.9584,2378
8.9722,2304
8.9772,2220
8.9910,2121
8.9915,2015
9.0022,1909
9.0109,1806
9.0421,1704
9.0425,1607
9.0433,1519
9.0472,1445
9.0484,1383
9.0488,1333
9.0624,1294
9.0736,1264
9.0822,1246
9.0826,1233
9.0959,1225
9.1047,1232
9.1160,1243
9.1166,1261
9.1248,1280
9.1498,1306
9.1509,1334
9.1762,1362
9.1766,1388
9.1771,1419
9.1923,1451
9.1936,1484
9.1941,1511
9.2046,1536
9.2051,1562
9.2136,1584
9.2197,1603
9.2310,1622
9.2314,1639
9.2449,1657
9.2536,1669
9.2785,1683
9.2796,1697
9.2800,1709
9.2874,1717
9.2886,1719
9.3123,1719
9.3128,1722
9.3134,1724
9.3234,1727
9.3322,1741
9.3326,1782
9.3498,1856
9.3509,1976
9.3659,2157
9.3685,2403
9.3689,2700
9.3936,3031
9.3948,3368
9.4060,3695
9.4065,3812
9.4071,3812
9.4209,3813
9.4322,3812
9.4411,3812
9.4585,3812
9.4590,3811
9.4596,3814
9.4749,3813
9.4754,3741
9.4898,3512
9.4903,3218
9.5136,2895
9.5149,2562
9.5154,2236
9.5248,1931
9.5334,1662
9.5447,1431
9.5458,1237
9.5463,1084
9.5634,970
9.5684,892
9.5824,844
9.5829,821
9.5936,826
9.6074,856
9.6346,904
9.6352,972
9.6359,1055
9.6397,1155
9.6409,1272
9.6548,1400
9.6553,1533
9.6599,1674
9.6761,1819
9.6812,1958
9.6816,2086
9.7008,2202
9.7013,2296
9.7124,2367
9.7274,2411
9.7279,2431
9.7522,2428
9.7526,2398
9.7534,2342
9.7659,2261
9.8034,2172
9.8039,2075
9.8098,1968
9.8185,1862
9.8323,1762
9.8331,1667
9.8337,1579
9.8341,1498
9.8398,1427
9.8403,1373
9.8661,1329
9.8672,1290
9.8749,1266
9.8754,1251
9.8759,1242
9.8859,1238
9.8923,1242
9.9061,1253
9.9072,1272
9.9123,1293
9.9260,1315
9.9399,1341
9.9404,1365
9.9545,1388
9.9550,1409
9.9597,1434
9.9874,1462
9.9878,1489
9.9974,1515
9.9978,1542
9.9984,1569
10.0124,1598
10.0234,1621
10.0238,1640
10.0322,1656
10.0463,1675
10.0472,1692
10.0477,1706
10.0634,1714
10.0723,1720
10.0824,1722
10.0829,1719
10.1072,1709
10.1084,1698
10.1185,1684
10.1197,1667
10.1202,1654
10.1335,1646
10.1398,1644
10.1549,1662
10.1553,1705
10.1610,1792
10.1749,1939
10.1809,2145
10.1924,2404
10.1929,2711
10.2184,3041
10.2198,3372
10.2373,3676
10.2377,3813
10.2461,3811
10.2599,3813
10.2612,3813
10.2617,3811
10.2722,3811
10.2727,3813
10.2859,3770
10.2924,3588
10.2929,3334
10.3022,3041
10.3136,2727
10.3384,2411
10.3397,2104
10.3400,1827
10.3509,1580
10.3521,1364
10.3749,1185
10.3754,1046
10.3759,939
10.3873,860
10.3886,805
10.4199,779
10.4204,777
10.4209,795
10.4222,831
10.4548,888
10.4552,963
10.4808,1052
10.4813,1154
10.4821,1268
10.4884,1392
10.4896,1521
10.4909,1654
10.4913,1789
10.5072,1919
10.5084,2042
10.5333,2148
10.5336,2233
10.5346,2297
10.5436,2337
10.5486,2350
10.5490,2336
10.5774,2300
10.5785,2246
10.5799,2176
10.5804,2094
10.5961,2002
10.6009,1903
10.6124,1805
10.6130,1707
10.6184,1611
10.6347,1526
10.6436,1451
10.6522,1385
10.6527,1330
10.6661,1286
10.6724,1257
10.6986,1237
10.6990,1221
10.6993,1215
10.7099,1219
10.7109,1230
10.7224,1239
10.7229,1251
10.7371,1267
10.7375,1287
10.7510,1307
10.7935,1333
10.7948,1362
10.8198,1392
10.8209,1420
10.8235,1447
10.8239,1475
10.8246,1507
10.8259,1534
10.8272,1557
10.8334,1580
10.8338,1602
10.8572,1620
10.8584,1636
10.8596,1652
10.8710,1668
10.8715,1683
10.8847,1692
10.8909,1695
10.9047,1701
10.9052,1705
10.9322,1705
10.9334,1702
10.9347,1697
10.9351,1691
10.9658,1682
10.9663,1668
10.9747,1655
10.9811,1642
10.9815,1630
10.9908,1617
10.9913,1612
11.0159,1625
11.0248,1667
11.0252,1745
11.0256,1875
11.0534,2060
11.0547,2307
11.0557,2599
11.0561,2923
11.0899,3250
11.0910,3560
11.0924,3812
11.0929,3813
11.0934,3812
11.1212,3812
11.1222,3813
11.1226,3813
11.1233,3812
11.1335,3716
11.1422,3509
11.1673,3241
11.1677,2935
11.1683,2614
11.1934,2297
11.1946,1992
11.1959,1708
11.2021,1460
11.2026,1249
11.2274,1073
11.2284,932
11.2296,828
11.2461,759
11.2466,720
11.2509,706
11.2649,713
11.2654,748
11.2924,807
11.2936,884
11.2947,979
11.2951,1097
11.3048,1235
11.3136,1380
11.3322,1535
11.3385,1696
11.3389,1857
11.3449,2014
11.3534,2154
11.3660,2275
11.3665,2374
11.3923,2450
11.3935,2498
11.4136,2508
11.4147,2495
11.4151,2455
11.4159,2391
11.4260,2308
11.4372,2210
11.4384,2100
11.4533,1989
11.4538,1875
11.4624,1761
11.4762,1657
11.4766,1563
11.4923,1479
11.4928,1407
11.5010,1345
11.5247,1295
11.5252,1259
11.5259,1229
11.5310,1211
11.5472,1206
11.5482,1208
11.5486,1218
11.5646,1237
11.5660,1262
11.5800,1287
11.5805,1313
11.6123,1342
11.6134,1371
11.6146,1402
11.6460,1430
11.6463,1458
11.6471,1488
11.6484,1518
11.6497,1548
11.6501,1572
11.6746,1596
11.6758,1619
11.6808,1643
11.6947,1660
11.6951,1678
11.7197,1698
11.7284,1715
11.7372,1723
11.7376,1734
11.7622,1742
11.7634,1744
11.7709,1742
11.7721,1734
11.7733,1723
11.7736,1712
11.7834,1694
11.7935,1676
11.7984,1661
11.7988,1662
11.8122,1674
11.8209,1711
11.8348,1789
11.8351,1921
11.8446,2108
11.8534,2355
11.8799,2649
11.8804,2970
11.8809,3300
11.8823,3606
11.8922,3811
11.9010,3814
11.9014,3812
11.9149,3811
11.9211,3812
11.9347,3812
11.9359,3812
11.9508,3767
11.9512,3584
11.9623,3332
11.9924,3038
11.9929,2725
12.0009,2404
12.0014,2093
12.0021,1806
12.0172,1551
12.0184,1328
12.0322,1145
12.0334,999
12.0435,889
12.0439,817
12.0522,770
12.0610,749
12.0773,756
12.0824,782
12.0828,828
12.1099,896
12.1110,982
12.1173,1086
12.1177,1198
12.1184,1321
12.1324,1456
12.1411,1595
12.1548,1738
12.1553,1874
12.1611,2003
12.1749,2128
12.1886,2235
12.1897,2317
12.1901,2379
12.2048,2416
12.2059,2424
12.2297,2409
12.2309,2371
12.2410,2312
12.2414,2237
12.2499,2142
12.2599,2037
12.2604,1933
12.2748,1833
12.2799,1730
12.2936,1632
12.2946,1540
12.2949,1460
12.3111,1390
12.3249,1330
12.3259,1282
12.3264,1248
12.3522,1224
12.3534,1207
12.3785,1201
12.3789,1206
12.3972,1215
12.3986,1228
12.3998,1245
12.4010,1272
12.4014,1301
12.4161,1333
12.4209,1363
12.4375,1392
12.4379,1425
12.4760,1455
12.4765,1480
12.4771,1506
12.4786,1530
12.4797,1552
12.4949,1571
12.4953,1588
12.5009,1604
12.5124,1620
12.5129,1636
12.5261,1649
12.5323,1659
12.5462,1673
12.5466,1688
12.5621,1695
12.5924,1703
12.5936,1711
12.5950,1712
12.5955,1712
12.6009,1705
12.6149,1696
12.6199,1690
12.6204,1680
12.6259,1668
12.6322,1660
12.6459,1654
12.6472,1654
12.6477,1669
12.6709,1715
12.6723,1806
12.6824,1954
12.6829,2163
12.7047,2439
12.7059,2762
12.7122,3116
12.7261,3463
12.7272,3782
12.7411,3812
12.7417,3814
12.7486,3812
12.7624,3813
12.7709,3811
12.7713,3812
12.7860,3813
12.7873,3813
12.7877,3753
12.8236,3549
12.8248,3267
12.8284,2944
12.8297,2609
12.8301,2286
12.8448,1984
12.8534,1712
12.8672,1480
12.8677,1288
12.8722,1135
12.8811,1021
12.8897,938
12.9035,888
12.9039,864
12.9096,861
12.9347,876
12.9359,909
12.9447,965
12.9458,1036
12.9462,1120
12.9609,1219
12.9747,1328
12.9751,1442
13.0059,1561
13.0063,1682
13.0072,1805
13.0222,1927
13.0358,2040
13.0362,2139
13.0624,2219
13.0635,2284
13.0671,2325
13.0676,2341
13.0684,2336
13.0748,2312
13.0886,2271
13.0891,2210
13.0949,2135
13.1034,2051
13.1085,1960
13.1223,1864
13.1227,1765
13.1311,1668
13.1397,1581
13.1685,1500
13.1689,1426
13.1697,1366
13.1859,1316
13.1871,1274
13.1884,1241
13.2035,1220
13.2040,1212
13.2111,1213
13.2411,1220
13.2416,1231
13.2436,1251
13.2440,1271
13.2572,1292
13.2584,1317
13.2935,1341
13.2940,1369
13.2946,1398
13.3099,1423
13.3108,1448
13.3112,1478
13.3121,1504
13.3248,1526
13.3299,1551
13.3304,1572
13.3459,1590
13.3522,1604
13.3660,1613
13.3664,1627
13.3723,1640
13.3836,1649
13.4086,1655
13.4097,1661
13.4101,1668
13.4249,1668
13.4254,1663
13.4324,1663
13.4329,1663
13.4546,1659
13.4551,1656
13.4559,1650
13.4723,1644
13.4772,1639
13.4911,1632
13.4916,1622
13.4997,1616
13.5287,1611
13.5291,1605
13.5296,1601
13.5424,1593
13.5434,1588
13.5439,1579
13.5499,1569
13.5636,1560
13.5696,1554
13.5835,1552
13.5839,1553
13.5909,1572
13.6047,1622
13.6109,1712
13.6423,1854
13.6435,2053
13.6439,2314
13.6446,2629
13.6711,2975
13.6716,3325
13.6721,3655
13.6923,3812
13.6935,3813
13.6939,3810
13.7035,3812
13.7039,3811
13.7098,3812
13.7334,3813
13.7346,3813
13.7359,3804
13.7363,3644
13.7684,3391
13.7697,3089
13.7700,2768
13.7708,2450
13.7848,2147
13.7909,1865
13.7996,1614
13.8135,1400
13.8140,1224
13.8198,1086
13.8360,982
13.8364,914
13.8409,875
13.8548,859
13.8636,867
13.8886,898
13.8890,949
13.8973,1015
13.9109,1097
13.9123,1194
13.9128,1302
13.9236,1420
13.9322,1540
13.9474,1661
13.9478,1788
13.9483,1912
13.9487,2027
13.9647,2132
13.9658,2219
13.9798,2286
14.0021,2333
14.0026,2360
14.0034,2366
14.0136,2351
14.0199,2316
14.0204,2262
14.0334,2190
14.0461,2111
14.0534,2022
14.0586,1929
14.0591,1838
14.0723,1750
14.0835,1662
14.0840,1579
14.0973,1504
14.0985,1438
14.1249,1386
14.1259,1343
14.1264,1306
14.1271,1279
14.1423,1266
14.1522,1257
14.1527,1256
14.1636,1263
14.1722,1277
14.1860,1292
14.1864,1310
14.1872,1331
14.2136,1354
14.2400,1382
14.2404,1407
14.2409,1431
14.2445,1460
14.2450,1489
14.2521,1514
14.2835,1535
14.2840,1558
14.2859,1579
14.2896,1597
14.3010,1615
14.3015,1633
14.3149,1648
14.3159,1663
14.3249,1671
14.3297,1672
14.3302,1675
14.3548,1674
14.3559,1669
14.3709,1666
14.3722,1667
14.3726,1672
14.3871,1674
14.3883,1674
14.4022,1673
14.4027,1672
14.4133,1674
14.4274,1670
14.4335,1664
14.4340,1661
14.4423,1656
14.4486,1648
14.4761,1642
14.4773,1633
14.4786,1626
14.4910,1617
14.4915,1605
14.5000,1591
14.5136,1583
14.5196,1573
14.5200,1564
14.5361,1557
14.5376,1555
14.5510,1553
14.5597,1557
14.5602,1573
14.5709,1616
14.5959,1692
14.5963,1812
14.6047,1990
14.6051,2226
14.6134,2517
14.6197,2842
14.6201,3187
14.6436,3529
14.6447,3811
14.6510,3813
14.6514,3812
14.6661,3812
14.6671,3812
14.6799,3812
14.7048,3812
14.7053,3811
14.7059,3812
14.7147,3786
14.7197,3594
14.7334,3325
14.7339,3018
14.7424,2691
14.7509,2370
14.7649,2061
14.7654,1780
14.7710,1533
14.7836,1320
14.7974,1148
14.7979,1019
14.8248,926
14.8253,864
14.8258,833
14.8347,826
14.8352,844
14.8484,885
14.8497,944
14.8721,1020
14.8733,1116
14.8738,1226
14.8859,1344
14.8883,1470
14.9222,1598
14.9226,1727
14.9233,1854
14.9246,1975
14.9484,2088
14.9488,2189
14.9508,2272
14.9511,2331
14.9660,2370
14.9672,2385
14.9676,2378
14.9847,2350
14.9851,2302
15.0009,2236
15.0146,2161
15.0159,2074
15.0209,1978
15.0347,1882
15.0409,1788
15.0413,1695
15.0696,1608
15.0701,1530
15.0708,1464
15.0847,1405
15.0851,1356
15.0909,1314
15.1021,1283
15.1162,1261
15.1166,1245
15.1171,1232
15.1334,1227
15.1423,1232
15.1510,1243
15.1515,1257
15.1759,1279
15.1773,1304
15.1987,1331
15.1991,1353
15.2008,1380
15.2012,1408
15.2274,1434
15.2285,1460
15.2289,1484
15.2436,1508
15.2441,1535
15.2498,1558
15.2634,1577
15.2748,1594
15.2752,1614
15.2809,1625
15.3061,1636
15.3066,1649
15.3224,1662
15.3228,1674
15.3233,1679
15.3310,1684
15.3316,1689
15.3410,1692
15.3547,1691
15.3611,1691
15.3747,1691
15.3759,1691
15.3764,1686
15.3911,1678
15.4299,1669
15.4304,1663
15.4308,1654
15.4347,1645
15.4372,1637
15.4386,1632
15.4521,1626
15.4525,1613
15.4599,1602
15.4735,1592
15.4822,1582
15.4872,1572
15.4877,1562
15.5036,1557
15.5086,1558
15.5333,1571
15.5338,1602
15.5346,1660
15.5599,1758
15.5609,1898
15.5873,2087
15.5878,2332
15.5884,2626
15.5897,2948
15.5901,3275
15.5909,3585
15.6059,3813
15.6109,3810
15.6112,3814
15.6309,3812
15.6314,3811
15.6574,3811
15.6586,3813
15.6591,3812
15.6649,3748
15.6786,3548
15.6874,3280
15.7112,2974
15.7116,2656
15.7121,2345
15.7136,2046
15.7234,1772
15.7323,1531
15.7385,1330
15.7389,1169
15.7522,1038
15.7774,936
15.7810,869
15.7815,833
15.7822,820
15.7959,830
15.8022,865
15.8136,917
15.8141,985
15.8236,1069
15.8300,1171
15.8305,1292
15.8436,1427
15.8598,1569
15.8610,1717
15.8898,1868
15.8903,2021
15.8909,2163
15.8921,2289
15.9072,2400
15.9078,2483
15.9084,2541
15.9223,2570
15.9347,2571
15.9352,2546
15.9411,2496
15.9548,2426
15.9611,2337
15.9724,2241
15.9729,2139
15.9898,2028
15.9904,1917
16.0136,1809
16.0147,1711
16.0195,1619
16.0200,1535
16.0311,1464
16.0449,1403
16.0454,1354
16.0709,1315
16.0714,1287
16.0721,1273
16.0811,1265
16.0816,1268
16.0947,1276
16.1036,1288
16.1335,1305
16.1347,1321
16.1352,1338
16.1356,1363
16.1396,1389
16.1536,1418
16.1541,1445
16.1622,1476
16.1759,1503
16.2022,1531
16.2027,1553
16.2045,1577
16.2049,1602
16.2185,1630
16.2248,1654
16.2522,1677
16.2545,1700
16.2550,1726
16.2560,1741
16.2622,1752
16.2761,1764
16.2771,1773
16.2860,1779
16.2924,1775
16.2929,1770
16.3009,1762
16.3149,1750
16.3210,1735
16.3510,1719
16.3514,1709
16.3521,1699
16.3749,1695
16.3759,1701
16.3764,1731
16.3771,1795
16.3874,1898
16.3936,2048
16.4022,2251
16.4026,2505
16.4185,2794
16.4196,3106
16.4436,3418
16.4441,3706
16.4497,3811
16.4501,3811
16.4897,3813
16.4911,3812
16.4936,3812
16.4948,3812
16.4953,3812
16.5034,3776
16.5173,3602
16.5177,3354
16.5259,3060
16.5321,2750
16.5572,2438
16.5624,2136
16.5709,1853
16.5713,1602
16.5722,1388
16.6010,1208
16.6014,1062
16.6021,950
16.6035,872
16.6149,828
16.6154,806
16.6236,807
16.6297,834
16.6434,882
16.6499,946
16.6505,1022
16.6672,1117
16.6684,1228
16.6824,1349
16.6886,1480
16.7183,1618
16.7188,1766
16.7197,1910
16.7208,2048
16.7312,2174
16.7316,2290
16.7398,2384
16.7534,2455
16.7599,2500
16.7747,2518
16.7752,2514
16.7759,2484
16.7899,2429
16.8035,2358
16.8039,2273
16.8098,2178
16.8424,2073
16.8436,1969
16.8441,1868
16.8647,1770
16.8666,1675
16.8674,1585
16.8678,1506
16.8683,1437
16.8859,1381
16.8921,1336
16.9060,1304
16.9064,1286
16.9285,1276
16.9571,1272
16.9584,1275
16.9597,1286
16.9601,1302
16.9609,1321
16.9621,1343
16.9772,1368
16.9783,1398
16.9872,1424
16.9876,1449
17.0009,1476
17.0172,1501
17.0234,1526
17.0322,1547
17.0333,1570
17.0447,1590
17.0452,1613
17.0734,1632
17.0738,1650
17.0761,1670
17.0824,1688
17.0829,1698
17.0911,1711
17.1048,1720
17.1111,1727
17.1223,1729
17.1228,1728
17.1359,1727
17.1371,1730
17.1510,1740
17.1514,1763
17.1623,1805
17.1873,1885
17.1886,2008
17.1891,2183
17.2072,2416
17.2077,2704
17.2084,3020
17.2234,3347
17.2246,3666
17.2411,3812
17.2416,3812
17.2497,3813
17.2638,3812
17.2643,3811
17.2698,3810
17.2811,3813
17.3072,3812
17.3085,3811
17.3172,3751
17.3176,3543
17.3359,3266
17.3510,2950
17.3514,2629
17.3561,2314
17.3571,2015
17.3624,1745
17.3629,1510
17.3761,1318
17.3772,1159
17.3911,1038
17.4022,947
17.4027,888
17.4274,856
17.4284,849
17.4398,863
17.4402,899
17.4557,955
17.4561,1029
17.4874,1121
17.4885,1232
17.4889,1356
17.4909,1484
17.4913,1619
17.5161,1755
17.5172,1893
17.5176,2021
17.5184,2143
17.5486,2249
17.5498,2339
17.5546,2408
17.5559,2450
17.5563,2467
17.5709,2461
17.5847,2434
17.5851,2382
17.6086,2310
17.6096,2231
17.6111,2142
17.6116,2043
17.6209,1940
17.6347,1837
17.6359,1740
17.6634,1646
17.6638,1561
17.6645,1483
17.6698,1418
17.6860,1366
17.6873,1321
17.6878,1287
17.7021,1265
17.7112,1256
17.7247,1254
17.7252,1256
17.7396,1268
17.7402,1286
17.7536,1308
17.7599,1330
17.7845,1356
17.7849,1388
17.7858,1421
17.7897,1453
17.7901,1484
17.8021,1514
17.8159,1542
17.8196,1570
17.8312,1597
17.8316,1624
17.8422,1649
17.8560,1668
17.8649,1686
17.8654,1701
17.8709,1714
17.9061,1717
17.9073,1720
17.9086,1721
17.9091,1722
17.9096,1719
17.9261,1716
17.9272,1723
17.9386,1755
17.9520,1818
17.9524,1928
17.9609,2087
17.9847,2310
17.9851,2588
18.0172,2901
18.0177,3235
18.0184,3566
18.0223,3813
18.0227,3811
18.0311,3812
18.0384,3814
18.0447,3811
18.0452,3812
18.0596,3812
18.0600,3813
18.0734,3811
18.0797,3805
18.0801,3640
18.0934,3386
18.1222,3087
18.1234,2772
18.1534,2452
18.1538,2148
18.1545,1869
18.1558,1625
18.1571,1415
18.1575,1243
18.1634,1108
18.1771,1008
18.1859,945
18.1910,909
18.1914,895
18.2022,906
18.2159,936
18.2210,983
18.2214,1045
18.2596,1127
18.2600,1222
18.2609,1328
18.2662,1441
18.2670,1561
18.2674,1686
18.2834,1814
18.2922,1931
18.2926,2043
18.3121,2144
18.3126,2232
18.3196,2298
18.3334,2342
18.3338,2373
18.3472,2382
18.3734,2367
18.3746,2328
18.3885,2270
18.3889,2198
18.3896,2112
18.4022,2017
18.4036,1923
18.4041,1826
18.4184,1733
18.4198,1641
18.4335,1555
18.4340,1480
18.4584,1413
18.4589,1352
18.4596,1303
18.4696,1270
18.4960,1249
18.4964,1240
18.5022,1236
18.5034,1242
18.5124,1251
18.5195,1269
18.5201,1286
18.5334,1306
18.5397,1332
18.5586,1356
18.5591,1380
18.5596,1407
18.5709,1439
18.5847,1472
18.5852,1504
18.6099,1533
18.6109,1561
18.6199,1587
18.6205,1609
18.6210,1631
18.6347,1651
18.6359,1674
18.6510,1691
18.6515,1703
18.6648,1710
18.6747,1717
18.6808,1719
18.6947,1718
18.6958,1714
18.6963,1712
18.7261,1711
18.7273,1716
18.7324,1734
18.7623,1782
18.7628,1876
18.7634,2020
18.7649,2220
18.7721,2471
18.7725,2769
18.7798,3088
18.7936,3408
18.7947,3715
18.8098,3810
18.8103,3813
18.8236,3811
18.8474,3811
18.8479,3812
18.8483,3812
18.8586,3814
18.8824,3812
18.8829,3746
18.8834,3543
18.8838,3272
18.8898,2959
18.9034,2637
18.9039,2320
18.9121,2023
18.9259,1749
18.9322,1510
18.9326,1310
18.9409,1148
18.9659,1021
18.9671,923
18.9722,862
18.9726,828
18.9859,818
18.9864,829
18.9999,863
19.0260,916
19.0265,986
19.0271,1073
19.0283,1173
19.0422,1286
19.0427,1414
19.0748,1548
19.0753,1689
19.0759,1828
19.0912,1965
19.0916,2086
19.0922,2193
19.1072,2282
19.1084,2349
19.1089,2389
19.1223,2402
19.1286,2393
19.1422,2365
19.1511,2315
19.1516,2244
19.1660,2163
19.1672,2070
19.2009,1969
19.2022,1863
19.2033,1759
19.2036,1659
19.2150,1566
19.2210,1484
19.2214,1410
19.2358,1351
19.2362,1304
19.2559,1262
19.2697,1231
19.2700,1210
19.2784,1203
19.2923,1205
19.3347,1212
19.3358,1228
19.3371,1251
19.3375,1279
19.3383,1303
19.3396,1332
19.3400,1362
19.3409,1396
19.3559,1430
19.3612,1462
19.3616,1495
19.3936,1527
19.3948,1558
19.3961,1586
19.4210,1613
19.4214,1641
19.4221,1664
19.4474,1682
19.4484,1697
19.4489,1714
19.4547,1726
19.4558,1735
19.4572,1738
19.4723,1743
19.4773,1745
19.4934,1739
19.4938,1733
19.4997,1723
19.5086,1712
19.5091,1697
19.5223,1682
19.5334,1669
19.5585,1663
19.5590,1673
19.5774,1704
19.5778,1772
19.5783,1894
19.5787,2069
19.5791,2301
19.5934,2585
19.6073,2903
19.6084,3235
19.6171,3552
19.6175,3813
19.6311,3811
19.6449,3811
19.6699,3812
19.6704,3814
19.6709,3811
19.6797,3812
19.6808,3811
19.6947,3761
19.6958,3568
19.6961,3303
19.7210,3002
19.7223,2677
19.7286,2351
19.7397,2046
19.7402,1766
19.7536,1520
19.7624,1310
19.7960,1142
19.7965,1018
19.7971,927
19.7984,865
19.7996,834
19.8236,827
19.8241,844
19.8246,874
19.8312,924
19.8317,993
19.8449,1079
19.8510,1175
19.8672,1286
19.8722,1409
19.8727,1539
19.8811,1675
19.9073,1807
19.9086,1938
19.9091,2061
19.9172,2170
19.9183,2260
19.9347,2324
19.9360,2370
19.9364,2385
19.9509,2376
19.9648,2342
19.9786,2292
19.9791,2224
19.9996,2140
20.0002,2049
20.0061,1954
20.0312,1853
20.0316,1750
20.0661,1650
20.0671,1556
20.0711,1474
20.0716,1402
20.0733,1339
20.0738,1285
20.0746,1248
20.0898,1221
20.0902,1199
20.0908,1190
20.1021,1189
20.1166,1199
20.1172,1215
20.1176,1235
20.1498,1259
20.1509,1287
20.1522,1319
20.1526,1347
20.1672,1382
20.1684,1416
20.1847,1451
20.1852,1485
20.1859,1514
20.2009,1542
20.2148,1569
20.2210,1594
20.2214,1615
20.2546,1637
20.2550,1659
20.2559,1677
20.2735,1691
20.2745,1704
20.2749,1719
20.2810,1731
20.2949,1740
20.2954,1744
20.3111,1746
20.3116,1746
20.3209,1739
20.3347,1731
20.3359,1724
20.3411,1718
20.3574,1708
20.3585,1692
20.3589,1674
20.3847,1660
20.3859,1644
20.3949,1627
20.3960,1611
20.3964,1600
20.4223,1589
20.4235,1580
20.4324,1582
20.4329,1606
20.4386,1656
20.4522,1747
20.4659,1885
20.4672,2082
20.4924,2327
20.4933,2617
20.4937,2930
20.5121,3249
20.5134,3549
20.5222,3808
20.5227,3810
20.5335,3813
20.5423,3811
20.5487,3812
20.5611,3811
20.5616,3813
20.5723,3765
20.5811,3584
20.5947,3330
20.5952,3039
20.6172,2728
20.6236,2422
20.6240,2122
20.6244,1845
20.6374,1596
20.6461,1380
20.6522,1201
20.6527,1057
20.6859,948
20.6872,874
20.6885,826
20.6888,803
20.6896,802
20.7010,833
20.7146,884
20.7399,954
20.7404,1046
20.7434,1159
20.7438,1289
20.7535,1429
20.7624,1578
20.7735,1735
20.7740,1893
20.7798,2046
20.7936,2180
20.7947,2294
20.8148,2389
20.8153,2460
20.8159,2500
20.8486,2515
20.8495,2505
20.8499,2470
20.8560,2409
20.8571,2326
20.8723,2233
20.8728,2137
20.8811,2031
20.8948,1919
20.8960,1807
20.8964,1703
20.9109,1603
20.9247,1511
20.9309,1434
20.9472,1376
20.9708,1327
20.9712,1293
20.9721,1269
20.9823,1255
20.9827,1246
20.9831,1248
20.9934,1255
21.0184,1268
21.0197,1290
21.0201,1314
21.0208,1339
21.0359,1365
21.0372,1394
21.0377,1424
21.0598,1452
21.0603,1483
21.0885,1513
21.0899,1543
21.0903,1568
21.1022,1592
21.1034,1616
21.1149,1638
21.1153,1660
21.1235,1676
21.1297,1690
21.1436,1704
21.1497,1712
21.1503,1721
21.1636,1726
21.1723,1732
21.1811,1737
21.1816,1735
21.2085,1732
21.2089,1726
21.2096,1720
21.2198,1708
21.2310,1693
21.2399,1680
21.2404,1662
21.2536,1644
21.2672,1623
21.2676,1613
21.2734,1612
21.2874,1628
21.2961,1668
21.2966,1743
21.3235,1867
21.3240,2036
21.3436,2250
21.3447,2508
21.3470,2796
21.3474,3094
21.3572,3378
21.3710,3632
21.3723,3812
21.3727,3813
21.3884,3813
21.3896,3814
21.3984,3812
21.3988,3802
21.4122,3676
21.4497,3476
21.4510,3224
21.4516,2946
21.4559,2650
21.4572,2347
21.4584,2056
21.4835,1787
21.4839,1546
21.4859,1336
21.4863,1160
21.5009,1019
21.5147,910
21.5152,833
21.5209,781
21.5346,762
21.5409,766
21.5413,792
21.5708,834
21.5712,894
21.5734,973
21.5897,1069
21.5901,1176
21.5908,1293
21.5997,1424
21.6135,1558
21.6145,1692
21.6148,1825
21.6396,1950
21.6408,2068
21.6548,2170
21.6552,2254
21.6834,2315
21.6846,2354
21.6861,2371
21.6865,2362
21.6923,2328
21.6984,2277
21.7159,2210
21.7221,2127
21.7311,2035
21.7472,1939
21.7478,1842
21.7561,1746
21.7649,1651
21.7708,1562
21.7712,1484
21.7999,1415
21.8009,1354
21.8015,1303
21.8111,1263
21.8116,1236
21.8196,1217
21.8312,1206
21.8434,1205
21.8439,1210
21.8573,1222
21.8584,1237
21.8747,1256
21.8751,1284
21.8759,1310
21.8898,1335
21.9149,1359
21.9154,1387
21.9159,1418
21.9273,1445
21.9284,1472
21.9611,1497
21.9616,1516
21.9621,1535
21.9636,1549
21.9735,1564
21.9822,1580
21.9883,1594
21.9888,1603
22.0022,1613
22.0347,1621
22.0358,1629
22.0362,1634
22.0423,1638
22.0434,1643
22.0498,1642
22.0636,1639
22.0640,1636
22.0696,1629
22.0834,1620
22.0839,1610
22.0923,1599
22.1059,1593
22.1124,1599
22.1129,1614
22.1286,1644
22.1548,1702
22.1559,1797
22.1672,1931
22.1677,2104
22.1911,2320
22.1922,2570
22.1935,2839
22.1939,3113
22.1942,3368
22.2047,3591
22.2109,3764
22.2249,3813
22.2253,3812
22.2822,3811
22.2827,3798
22.2834,3692
22.2849,3521
22.3008,3307
22.3012,3062
22.3021,2802
22.3033,2530
22.3047,2266
22.3134,2012
22.3138,1783
22.3196,1573
22.3447,1391
22.3457,1238
22.3462,1116
22.3472,1025
22.3636,963
22.3658,927
22.3664,916
22.3911,927
22.4098,953
22.4160,992
22.4166,1047
22.4247,1108
22.4348,1176
22.4352,1250
22.4356,1335
22.4534,1421
22.4583,1509
22.4672,1600
22.4811,1693
22.4816,1786
22.5109,1870
22.5114,1948
22.5121,2018
22.5171,2075
22.5183,2111
22.5188,2127
22.5346,2128
22.5396,2112
22.5400,2085
22.5534,2045
22.5598,1993
22.5761,1937
22.6035,1875
22.6044,1807
22.6048,1737
22.6285,1671
22.6296,1607
22.6310,1545
22.6315,1488
22.6321,1438
22.6436,1398
22.6635,1360
22.6639,1330
22.6646,1307
22.6736,1291
22.6823,1285
22.6886,1281
22.6891,1281
22.7036,1290
22.7123,1301
22.7209,1311
22.7459,1320
22.7471,1337
22.7474,1353
22.7483,1370
22.7622,1387
22.7707,1406
22.7712,1429
22.7846,1453
22.7911,1472
22.7916,1491
22.8166,1510
22.8171,1531
22.8221,1544
22.8360,1552
22.8365,1564
22.8372,1574
22.8648,1581
22.8660,1583
22.8709,1589
22.8713,1594
22.8847,1589
22.8909,1582
22.9048,1574
22.9052,1562
22.9109,1552
22.9246,1540
22.9309,1531
22.9472,1529
22.9483,1530
22.9487,1536
22.9759,1549
22.9771,1581
22.9847,1630
22.9859,1694
22.9865,1779
22.9999,1889
23.0160,2029
23.0166,2191
23.0171,2371
23.0309,2563
23.0447,2760
23.0451,2947
23.0609,3113
23.0614,3252
23.0697,3348
23.0974,3404
23.0982,3409
23.0986,3369
23.0997,3285
23.1149,3163
23.1158,3012
23.1162,2838
23.1423,2648
23.1434,2457
23.1522,2260
23.1526,2074
23.1649,1897
23.1697,1738
23.1834,1599
23.1897,1477
23.1901,1376
23.2198,1296
23.2209,1238
23.2474,1196
23.2479,1168
23.2521,1160
23.2526,1163
23.2533,1179
23.2635,1207
23.2735,1243
23.2739,1290
23.2797,1345
23.2959,1403
23.3098,1468
23.3372,1538
23.3376,1612
23.3383,1682
23.3410,1743
23.3413,1803
23.3646,1856
23.3658,1900
23.3671,1935
23.3675,1960
23.3683,1978
23.3834,1979
23.3921,1972
23.4010,1954
23.4014,1931
23.4171,1899
23.4184,1860
23.4448,1814
23.4459,1770
23.4464,1726
23.4847,1683
23.4859,1641
23.4871,1603
23.4884,1567
23.4896,1530
23.4900,1499
23.5047,1475
23.5184,1451
23.5197,1433
23.5201,1417
23.5311,1409
23.5449,1404
23.5454,1403
23.5773,1405
23.5778,1405
23.5784,1409
23.5798,1415
23.5947,1420
23.5952,1431
23.5998,1441
23.6236,1456
23.6246,1466
23.6250,1477
23.6298,1486
23.6411,1499
23.6548,1512
23.6552,1519
23.6612,1527
23.6885,1536
23.6896,1545
23.6911,1550
23.6915,1554
23.7048,1560
23.7136,1568
23.7397,1572
23.7410,1575
23.7414,1577
23.7547,1578
23.7596,1579
23.7659,1578
23.7663,1575
23.8010,1570
23.8035,1566
23.8148,1558
23.8152,1554
23.8171,1556
23.8175,1573
23.8184,1596
23.8424,1631
23.8432,1687
23.8437,1763
23.8535,1857
23.8823,1967
23.8833,2095
23.8837,2238
23.8846,2389
23.8909,2545
23.9262,2697
23.9266,2838
23.9271,2961
23.9284,3056
23.9297,3120
23.9301,3148
23.9448,3142
23.9509,3098
23.9623,3021
23.9762,2916
23.9766,2789
23.9910,2645
23.9914,2491
23.9972,2333
24.0099,2179
24.0384,2028
24.0389,1890
24.0396,1766
24.0459,1656
24.0510,1560
24.0514,1478
24.0648,1410
24.0698,1360
24.0911,1323
24.0995,1298
24.1000,1288
24.1086,1291
24.1159,1308
24.1165,1335
24.1247,1372
24.1334,1418
24.1586,1473
24.1597,1530
24.1601,1589
24.1723,1648
24.1734,1710
24.1873,1771
24.1878,1828
24.1884,1877
24.2046,1927
24.2111,1967
24.2210,1995
24.2214,2010
24.2410,2017
24.2414,2014
24.2497,2001
24.2812,1981
24.2816,1954
24.2821,1925
24.2961,1891
24.2972,1849
24.2983,1804
24.3123,1756
24.3130,1717
24.3184,1675
24.3299,1636
24.3434,1602
24.3439,1573
24.3498,1546
24.3665,1521
24.3722,1502
24.3726,1489
24.3973,1481
24.3984,1471
24.4060,1469
24.4065,1473
24.4071,1476
24.4311,1482
24.4361,1485
24.4423,1495
24.4560,1507
24.4565,1524
24.4648,1539
24.4786,1555
24.4911,1579
24.4916,1596
24.5298,1608
24.5311,1622
24.5572,1633
24.5577,1641
24.5584,1646
24.5648,1649
24.5659,1652
24.5665,1652
24.5683,1652
24.5686,1653
24.5695,1655
24.5949,1654
24.5954,1652
24.5959,1650
24.6035,1646
24.6124,1645
24.6128,1640
24.6373,1632
24.6385,1631
24.6411,1635
24.6522,1644
24.6527,1658
24.6659,1682
24.6721,1724
24.6885,1778
24.6889,1851
24.6959,1941
24.6971,2056
24.7109,2193
24.7222,2345
24.7226,2511
24.7309,2685
24.7558,2860
24.7571,3019
24.7634,3150
24.7720,3252
24.7723,3323
24.7809,3355
24.8047,3340
24.8050,3285
24.8308,3194
24.8312,3071
24.8321,2918
24.8460,2750
24.8464,2576
24.8468,2403
24.8709,2235
24.8721,2071
24.8782,1922
24.8786,1786
24.8796,1668
24.8961,1566
24.9022,1482
24.9027,1414
24.9159,1366
24.9171,1335
24.9334,1320
24.9385,1323
24.9389,1339
24.9522,1368
24.9596,1406
24.9896,1456
24.9908,1518
24.9920,1584
24.9924,1653
25.0009,1730
25.0172,1808
25.0176,1888
25.0184,1961
25.0322,2031
25.0460,2095
25.0464,2146
25.0658,2185
25.0663,2210
25.0671,2221
25.0811,2217
25.0816,2197
25.1197,2163
25.1209,2121
25.1347,2072
25.1351,2013
25.1359,1950
25.1672,1886
25.1684,1829
25.1736,1773
25.1741,1718
25.1747,1664
25.1759,1619
25.1860,1582
25.1864,1548
25.1922,1522
25.2009,1505
25.2311,1492
25.2398,1483
25.2402,1479
25.2406,1479
25.2485,1482
25.2547,1488
25.2611,1493
25.2617,1500
25.2773,1511
25.2861,1525
25.2910,1537
25.2915,1549
25.3110,1560
25.3115,1577
25.3198,1588
25.3447,1596
25.3457,1606
25.3462,1616
25.3473,1623
25.3624,1625
25.3695,1630
25.3699,1637
25.3811,1641
25.3948,1644
25.3959,1646
25.3964,1652
25.4098,1656
25.4259,1661
25.4271,1672
25.4666,1693
25.4673,1728
25.4677,1781
25.4736,1853
25.4746,1956
25.4759,2085
25.4936,2248
25.4940,2441
25.4946,2661
25.5099,2899
25.5104,3140
25.5297,3362
25.5459,3559
25.5710,3709
25.5714,3807
25.5896,3811
25.5900,3814
25.5920,3742
25.5934,3617
25.5938,3446
25.5946,3236
25.6086,3002
25.6097,2759
25.6101,2514
25.6209,2275
25.6347,2051
25.6436,1850
25.6522,1671
25.6526,1516
25.6636,1383
25.6722,1283
25.6997,1208
25.7002,1155
25.7009,1121
25.7047,1109
25.7136,1113
25.7224,1127
25.7228,1154
25.7271,1197
25.7436,1257
25.7446,1326
25.7586,1407
25.7591,1496
25.7723,1593
25.8083,1694
25.8095,1799
25.8386,1899
25.8396,1995
25.8400,2087
25.8500,2167
25.8509,2231
25.8513,2276
25.8520,2304
25.8533,2316
25.8710,2305
25.8714,2278
25.8718,2236
25.8847,2181
25.8897,2113
25.9035,2038
25.9040,1963
25.9423,1890
25.9435,1820
25.9446,1747
25.9461,1680
25.9466,1619
25.9521,1560
25.9659,1510
25.9723,1467
25.9811,1432
25.9816,1404
25.9884,1379
26.0022,1367
26.0084,1360
26.0208,1360
26.0213,1365
26.0497,1375
26.0510,1387
26.0514,1402
26.0733,1417
26.0738,1439
26.0823,1464
26.0962,1493
26.0967,1517
26.0971,1542
26.1009,1567
26.1147,1592
26.1158,1613
26.1163,1634
26.1300,1652
26.1436,1669
26.1686,1681
26.1691,1692
26.1696,1695
26.1823,1703
26.1834,1708
26.1923,1708
26.1928,1708
26.2009,1713
26.2148,1726
26.2210,1752
26.2214,1800
26.2310,1882
26.2473,2003
26.2483,2165
26.2624,2366
26.2629,2610
26.2923,2884
26.2935,3168
26.2986,3437
26.2997,3674
26.3135,3812
26.3140,3813
26.3197,3812
26.3486,3813
26.3495,3811
26.3499,3812
26.3509,3702
26.3736,3515
26.3747,3279
26.3753,3016
26.3759,2739
26.4009,2459
26.4021,2185
26.4025,1935
26.4163,1710
26.4411,1516
26.4421,1353
26.4560,1227
26.4565,1129
26.4571,1062
26.4584,1019
26.4724,1004
26.4728,1008
26.4910,1025
26.4915,1061
26.5172,1108
26.5184,1168
26.5345,1236
26.5349,1316
26.5409,1406
26.5459,1505
26.5699,1609
26.5704,1722
26.5710,1834
26.5714,1949
26.5860,2057
26.5864,2159
26.5922,2243
26.6059,2311
26.6121,2364
26.6125,2389
26.6396,2392
26.6408,2371
26.6497,2334
26.6509,2277
26.6514,2206
26.6761,2122
26.6771,2037
26.6784,1947
26.6788,1857
26.6898,1771
26.7036,1692
26.7123,1620
26.7211,1554
26.7272,1495
26.7647,1447
26.7652,1410
26.7659,1379
26.7671,1356
26.7682,1341
26.7686,1336
26.7834,1335
26.7924,1339
26.7929,1348
26.8136,1363
26.8140,1383
26.8196,1406
26.8334,1429
26.8338,1455
26.8423,1482
26.8535,1506
26.8872,1524
26.8876,1543
26.8884,1563
26.8888,1583
26.8896,1599
26.9009,1613
26.9014,1630
26.9146,1642
26.9209,1651
26.9348,1659
26.9409,1665
26.9413,1671
26.9597,1674
26.9608,1677
26.9697,1684
26.9701,1695
26.9996,1722
27.0000,1768
27.0059,1847
27.0071,1967
27.0233,2137
27.0237,2350
27.0321,2603
27.0459,2880
27.0464,3171
27.0846,3447
27.0851,3693
27.0859,3812
27.0870,3811
27.0895,3812
27.0898,3811
27.1198,3812
27.1209,3807
27.1222,3683
27.1226,3484
27.1334,3236
27.1423,2965
27.1535,2678
27.1540,2391
27.1623,2117
27.1734,1869
27.1874,1648
27.1879,1459
27.1923,1300
27.2009,1178
27.2310,1087
27.2322,1024
27.2326,978
27.2434,954
27.2438,949
27.2497,960
27.2636,983
27.2641,1017
27.2723,1070
27.2811,1134
27.2924,1210
27.2929,1296
27.3147,1400
27.3154,1517
27.3235,1637
27.3548,1765
27.3584,1894
27.3589,2022
27.3596,2141
27.3736,2245
27.3745,2333
27.3750,2401
27.3859,2444
27.3922,2459
27.4010,2452
27.4014,2422
27.4122,2372
27.4261,2302
27.4324,2216
27.4330,2121
27.4411,2025
27.4696,1925
27.4709,1823
27.4797,1727
27.4801,1640
27.4923,1562
27.4928,1490
27.4972,1429
27.5111,1380
27.5116,1344
27.5198,1312
27.5359,1295
27.5411,1286
27.5416,1284
27.5636,1288
27.5640,1297
27.5886,1318
27.5897,1341
27.6047,1369
27.6052,1397
27.6057,1427
27.6111,1460
27.6198,1491
27.6334,1521
27.6339,1551
27.6396,1583
27.6535,1612
27.6539,1636
27.6598,1658
27.6736,1678
27.6823,1691
27.7098,1696
27.7103,1697
27.7109,1693
27.7385,1692
27.7397,1691
27.7401,1696
27.7421,1719
27.7425,1768
27.7573,1850
27.7584,1967
27.7722,2129
27.7727,2336
27.7811,2577
27.7949,2841
27.7954,3109
27.8248,3368
27.8253,3597
27.8259,3772
27.8335,3811
27.8420,3811
27.8424,3813
27.8559,3800
27.8570,3688
27.8722,3511
27.8726,3289
27.8809,3032
27.8946,2758
27.9072,2476
27.9076,2204
27.9121,1946
27.9384,1709
27.9396,1497
27.9400,1318
27.9408,1169
27.9546,1049
27.9634,954
27.9747,889
27.9751,845
28.0008,825
28.0012,824
28.0021,844
28.0172,882
28.0258,940
28.0262,1008
28.0346,1091
28.0597,1192
28.0601,1305
28.0608,1427
28.0647,1558
28.0784,1695
28.0797,1838
28.0800,1977
28.0934,2105
28.0998,2225
28.1136,2326
28.1221,2404
28.1226,2455
28.1311,2480
28.1422,2479
28.1510,2452
28.1514,2402
28.1834,2330
28.1846,2250
28.1859,2159
28.1872,2063
28.1876,1963
28.2022,1868
28.2113,1776
28.2311,1691
28.2316,1611
28.2321,1541
28.2410,1483
28.2496,1437
28.2613,1401
28.2618,1377
28.2747,1364
28.2998,1357
28.3009,1356
28.3014,1357
28.3123,1368
28.3128,1384
28.3209,1402
28.3324,1418
28.3329,1442
28.3622,1466
28.3633,1486
28.3646,1503
28.3651,1521
28.3658,1538
28.3948,1549
28.3960,1559
28.4261,1566
28.4266,1576
28.4271,1590
28.4284,1605
28.4333,1627
28.4423,1663
28.4428,1719
28.4559,1802
28.4571,1922
28.4722,2087
28.4726,2296
28.5008,2540
28.5013,2808
28.5022,3081
28.5298,3346
28.5434,3580
28.5439,3763
28.5447,3812
28.5459,3811
28.5463,3812
28.5611,3811
28.5617,3717
28.5696,3555
28.5834,3343
28.5840,3094
28.5871,2826
28.6036,2547
28.6099,2273
28.6207,2009
28.6212,1770
28.6473,1554
28.6484,1367
28.6634,1213
28.6638,1085
28.6646,985
28.6734,912
28.6823,870
28.6885,845
28.6889,842
28.7021,860
28.7111,903
28.7249,960
28.7254,1028
28.7259,1115
28.7411,1214
28.7684,1323
28.7697,1441
28.7746,1563
28.7749,1688
28.7834,1813
28.7985,1931
28.7998,2041
28.8223,2146
28.8228,2237
28.8233,2311
28.8323,2360
28.8409,2391
28.8414,2398
28.8546,2381
28.8886,2336
28.8891,2273
28.8971,2203
28.8976,2123
28.9046,2036
28.9134,1944
28.9139,1855
28.9272,1768
28.9276,1688
28.9285,1613
28.9289,1548
28.9547,1494
28.9558,1446
28.9571,1406
28.9821,1377
28.9834,1357
29.0108,1342
29.0112,1330
29.0121,1326
29.0372,1329
29.0382,1337
29.0386,1348
29.0421,1367
29.0434,1386
29.0438,1409
29.0611,1429
29.0615,1447
29.0788,1464
29.0793,1482
29.0897,1500
29.0902,1513
29.1009,1528
29.1261,1544
29.1270,1566
29.1275,1591
29.1334,1632
29.1396,1695
29.1535,1791
29.1539,1923
29.1612,2102
29.1748,2329
29.1911,2600
29.2061,2895
29.2065,3198
29.2071,3488
29.2166,3746
29.2449,3813
29.2454,3812
29.2547,3812
29.2552,3812
29.2558,3813
29.2572,3812
29.2722,3759
29.2726,3591
29.2859,3357
29.2924,3081
29.2929,2786
29.3098,2492
29.3103,2208
29.3236,1935
29.3286,1687
29.3558,1472
29.3562,1290
29.3572,1140
29.3699,1022
29.3710,935
29.3910,878
29.3915,843
29.3921,830
29.4074,838
29.4078,868
29.4083,916
29.4223,980
29.4335,1054
29.4340,1140
29.4473,1240
29.4484,1347
29.4773,1461
29.4785,1581
29.4884,1708
29.4895,1833
29.4898,1955
29.5136,2063
29.5147,2163
29.5170,2243
29.5174,2300
29.5309,2335
29.5449,2352
29.5454,2346
29.5621,2318
29.5626,2270
29.5684,2210
29.5936,2138
29.5945,2056
29.5949,1967
29.6261,1879
29.6273,1794
29.6285,1710
29.6536,1628
29.6541,1555
29.6546,1490
29.6684,1433
29.6690,1384
29.6834,1348
29.6846,1322
29.7199,1305
29.7204,1294
29.7209,1290
29.7214,1294
29.7221,1305
29.7234,1319
29.7311,1333
29.7397,1351
29.7402,1373
29.7534,1395
29.7546,1417
29.7797,1438
29.7802,1457
29.7846,1474
29.7859,1490
29.8185,1508
29.8189,1527
29.8198,1546
29.8346,1563
29.8361,1580
29.8370,1607
29.8374,1652
29.8521,1718
29.8611,1817
29.8696,1958
29.8807,2146
29.8811,2382
29.8896,2660
29.9035,2965
29.9039,3279
29.9122,3577
29.9236,3812
29.9498,3812
29.9503,3813
29.9508,3812
29.9571,3812
29.9583,3812
29.9735,3812
29.9739,3800
29.9884,3644
29.9889,3410
30.0009,3126
30.0149,2824
30.0272,2513
30.0277,2207
30.0322,1921
30.0672,1663
30.0684,1439
30.0696,1248
30.0700,1097
30.0709,981
30.0872,899
30.0935,846
30.0986,816
30.1035,812
30.1149,828
30.1154,862
30.1296,910
30.1300,975
30.1436,1057
30.1497,1157
30.1502,1263
30.1636,1377
30.1871,1498
30.1884,1622
30.1896,1742
30.1900,1857
30.2146,1972
30.2158,2076
30.2171,2167
30.2286,2238
30.2291,2297
30.2423,2335
30.2486,2348
30.2736,2333
30.2741,2299
30.2745,2250
30.3010,2187
30.3020,2110
30.3209,2023
30.3223,1934
30.3228,1844
30.3233,1749
30.3385,1658
30.3396,1573
30.3447,1496
30.3586,1431
30.3651,1374
30.3655,1329
30.3783,1295
30.3788,1274
30.3923,1258
30.4172,1252
30.4177,1252
30.4184,1261
30.4397,1273
30.4536,1288
30.4542,1308
30.4546,1333
30.4550,1359
30.4634,1384
30.4710,1407
30.4714,1433
30.4846,1458
30.4897,1486
30.5036,1512
30.5086,1542
30.5332,1565
30.5337,1585
30.5346,1600
30.5486,1617
30.5496,1633
30.5648,1646
30.5653,1654
30.5659,1661
30.5899,1667
30.5903,1674
30.5909,1683
30.6165,1709
30.6172,1754
30.6176,1823
30.6273,1929
30.6278,2083
30.6598,2288
30.6611,2541
30.6616,2828
30.6620,3136
30.6736,3440
30.6872,3721
30.6876,3811
30.6883,3812
30.7022,3812
30.7136,3812
30.7221,3811
30.7285,3812
30.7289,3811
30.7421,3753
30.7484,3558
30.7823,3296
30.7828,2996
30.7833,2684
30.7910,2373
30.7921,2076
30.8021,1796
30.8110,1550
30.8115,1338
30.8197,1161
30.8311,1018
30.8315,913
30.8472,842
30.8611,799
30.8660,776
30.8665,780
30.8933,809
30.8937,853
30.8946,915
30.9222,990
30.9226,1082
30.9233,1186
30.9246,1299
30.9347,1421
30.9351,1554
30.9433,1690
30.9497,1828
30.9634,1962
30.9696,2091
30.9834,2206
30.9847,2304
30.9851,2379
31.0147,2431
31.0159,2456
31.0162,2457
31.0171,2433
31.0334,2389
31.0447,2326
31.0452,2249
31.0571,2157
31.0576,2053
31.0734,1949
31.0798,1844
31.0859,1742
31.0923,1643
31.1035,1554
31.1309,1471
31.1320,1403
31.1371,1345
31.1374,1299
31.1383,1266
31.1534,1246
31.1538,1236
31.1621,1234
31.1758,1244
31.1821,1260
31.1825,1276
31.1909,1293
31.2046,1315
31.2109,1341
31.2221,1370
31.2225,1396
31.2546,1425
31.2558,1452
31.2570,1474
31.2583,1489
31.2732,1502
31.2737,1516
31.2821,1524
31.2959,1526
31.3008,1524
31.3146,1518
31.3151,1509
31.3158,1495
31.3297,1474
31.3301,1451
31.3408,1428
31.3709,1404
31.3724,1380
31.3728,1358
31.3796,1335
31.3801,1312
31.3936,1291
31.4036,1276
31.4040,1273
31.4123,1283
31.4235,1310
31.4372,1356
31.4376,1434
31.4383,1555
31.4547,1728
31.4558,1960
31.4846,2260
31.4859,2614
31.4869,3004
31.4874,3403
31.4984,3789
31.5124,3812
31.5129,3812
31.5209,3812
31.5346,3812
31.5599,3813
31.5603,3812
31.5748,3812
31.5753,3811
31.5759,3811
31.5771,3812
31.5775,3811
31.6059,3658
31.6073,3393
31.6249,3084
31.6254,2759
31.6296,2438
31.6301,2138
31.6436,1868
31.6585,1629
31.6589,1421
31.6648,1247
31.6723,1111
31.6835,1006
31.6840,930
31.6885,882
31.7133,865
31.7145,875
31.7260,906
31.7271,960
31.7407,1037
31.7412,1142
31.7499,1259
31.7636,1393
31.7641,1539
31.7697,1696
31.7846,1856
31.7859,2010
31.8008,2155
31.8147,2290
31.8152,2405
31.8161,2493
31.8423,2553
31.8434,2585
31.8449,2588
31.8535,2563
31.8684,2510
31.8696,2435
31.8859,2345
31.8863,2242
31.8873,2130
31.9034,2017
31.9038,1907
31.9172,1799
31.9197,1698
31.9334,1601
31.9598,1515
31.9602,1444
31.9610,1389
31.9746,1343
31.9860,1308
31.9865,1284
31.9869,1273
31.9921,1270
32.0009,1272
32.0099,1283
32.0235,1301
32.0240,1320
32.0298,1343
32.0435,1371
32.0446,1408
32.0709,1442
32.0713,1472
32.0721,1508
32.0823,1542
32.0829,1569
32.0936,1588
32.1021,1608
32.1136,1625
32.1141,1639
32.1309,1644
32.1313,1656
32.1448,1665
32.1499,1677
32.1505,1688
32.1636,1710
32.1723,1748
32.1973,1816
32.1978,1914
32.1983,2058
32.2248,2253
32.2260,2503
32.2396,2789
32.2409,3097
32.2420,3406
32.2424,3696
32.2521,3811
32.2610,3813
32.2746,3811
32.2752,3812
32.2759,3811
32.3021,3814
32.3262,3812
32.3267,3805
32.3271,3653
32.3275,3420
32.3284,3137
32.3288,2834
32.3436,2526
32.3496,2226
32.3665,1938
32.3670,1680
32.3810,1453
32.3815,1263
32.3947,1104
32.4036,979
32.4040,889
32.4311,830
32.4321,791
32.4448,774
32.4458,779
32.4462,809
32.4560,852
32.4623,909
32.4709,983
32.4923,1077
32.4928,1186
32.4934,1308
32.5136,1444
32.5148,1598
32.5153,1757
32.5209,1919
32.5473,2075
32.5486,2220
32.5491,2345
32.5610,2445
32.5615,2516
32.5759,2558
32.5774,2570
32.5778,2549
32.5911,2500
32.6021,2428
32.6149,2338
32.6153,2234
32.6323,2117
32.6329,1997
32.6410,1879
32.6672,1764
32.6676,1652
32.6748,1547
32.6835,1458
32.6840,1380
32.6844,1314
32.6910,1264
32.7046,1227
32.7111,1208
32.7222,1201
32.7225,1199
32.7283,1207
32.7423,1224
32.7484,1244
32.7624,1266
32.7629,1291
32.7872,1325
32.7885,1361
32.7898,1399
32.8037,1434
32.8042,1471
32.8097,1508
32.8461,1542
32.8474,1572
32.8478,1597
32.8483,1619
32.8496,1634
32.8648,1645
32.8660,1653
32.8798,1657
32.8802,1662
32.9035,1663
32.9046,1662
32.9050,1658
32.9184,1660
32.9359,1668
32.9410,1692
32.9414,1747
32.9418,1839
32.9546,1979
32.9609,2171
32.9747,2420
32.9751,2721
32.9758,3053
32.9909,3388
32.9997,3705
33.0210,3813
33.0214,3813
33.0221,3812
33.0396,3812
33.0410,3812
33.0413,3812
33.0498,3814
33.0611,3811
33.0748,3796
33.0759,3618
33.0764,3356
33.0998,3042
33.1009,2712
33.1423,2380
33.1428,2063
33.1433,1768
33.1437,1510
33.1447,1289
33.1510,1108
33.1515,964
33.1648,853
33.1709,778
33.1847,734
33.1857,717
33.1861,722
33.2111,749
33.2122,796
33.2260,863
33.2264,943
33.2311,1040
33.2648,1151
33.2663,1277
33.2668,1412
33.2673,1555
33.2748,1703
33.2809,1853
33.3149,1995
33.3153,2125
33.3170,2241
33.3174,2340
33.3184,2413
33.3334,2457
33.3346,2476
33.3436,2471
33.3521,2444
33.3809,2390
33.3813,2315
33.3833,2228
33.3836,2135
33.3897,2032
33.4037,1921
33.4042,1814
33.4171,1710
33.4184,1613
33.4347,1522
33.4352,1444
33.4372,1379
33.4509,1322
33.4936,1273
33.4949,1239
33.4953,1216
33.5197,1203
33.5209,1193
33.5221,1195
33.5235,1207
33.5238,1226
33.5247,1243
33.5385,1266
33.5397,1292
33.5401,1321
33.5672,1351
33.5677,1381
33.5683,1413
33.5949,1447
33.5953,1477
33.5958,1507
33.6209,1537
33.6223,1566
33.6236,1592
33.6371,1616
33.6376,1636
33.6384,1651
33.6536,1661
33.6541,1670
33.6663,1677
33.6748,1689
33.6811,1714
33.6946,1762
33.6951,1837
33.6959,1958
33.7209,2134
33.7223,2364
33.7323,2645
33.7328,2964
33.7408,3296
33.7497,3616
33.7611,3813
33.7616,3812
33.7710,3811
33.7847,3812
33.7911,3813
33.7916,3813
33.8110,3811
33.8115,3812
33.8198,3809
33.8497,3648
33.8502,3400
33.8508,3101
33.8522,2786
33.8671,2463
33.8761,2154
33.8923,1863
33.8927,1606
33.9009,1382
33.9074,1191
33.9078,1037
33.9160,921
33.9222,835
33.9647,773
33.9651,734
33.9658,722
33.9698,730
33.9708,760
33.9722,808
33.9725,878
33.9960,961
33.9965,1059
33.9971,1174
34.0124,1311
34.0130,1454
34.0209,1604
34.0346,1756
34.0460,1906
34.0464,2047
34.0560,2173
34.0564,2278
34.0846,2367
34.0860,2427
34.0957,2459
34.0962,2463
34.1411,2444
34.1423,2402
34.1435,2336
34.1448,2255
34.1452,2163
34.1458,2060
34.1573,1952
34.1577,1843
34.1659,1737
34.1722,1642
34.1986,1553
34.1991,1474
34.1999,1402
34.2135,1340
34.2146,1290
34.2209,1252
34.2324,1226
34.2329,1210
34.2410,1205
34.2546,1207
34.2559,1215
34.2563,1230
34.2723,1249
34.2811,1274
34.2947,1301
34.2952,1326
34.3234,1355
34.3239,1386
34.3246,1416
34.3397,1447
34.3402,1479
34.3636,1511
34.3671,1543
34.3684,1571
34.3688,1595
34.3846,1617
34.3849,1633
34.3858,1642
34.4022,1648
34.4026,1654
34.4159,1658
34.4409,1659
34.4421,1659
34.4424,1664
34.4509,1675
34.4521,1697
34.4659,1737
34.4671,1813
34.4676,1934
34.4870,2104
34.4875,2327
34.5109,2597
34.5121,2906
34.5207,3230
34.5211,3546
34.5497,3812
34.5509,3814
34.5521,3812
34.5709,3812
34.5712,3811
34.5720,3813
34.5859,3812
34.5863,3814
34.5870,3798
34.6122,3638
34.6212,3392
34.6216,3099
34.6334,2784
34.6338,2463
34.6473,2153
34.6736,1871
34.6741,1614
34.6747,1390
34.6834,1196
34.6846,1040
34.6859,914
34.6864,820
34.6997,753
34.7110,720
34.7224,709
34.7228,719
34.7310,749
34.7621,801
34.7633,874
34.7646,964
34.7649,1069
34.7935,1189
34.7947,1325
34.7960,1468
34.7972,1613
34.8123,1763
34.8128,1915
34.8184,2056
34.8347,2182
34.8395,2293
34.8399,2387
34.8535,2453
34.8623,2488
34.8683,2497
34.8822,2482
34.8827,2443
34.9071,2380
34.9084,2296
34.9089,2199
34.9196,2100
34.9359,1991
34.9371,1882
34.9375,1774
34.9458,1675
34.9521,1584
34.9659,1503
34.9670,1432
34.9810,1375
34.9815,1327
34.9896,1287
35.0034,1257
35.0046,1236
35.0050,1226
35.0321,1217
35.0333,1216
35.0409,1224
35.0546,1241
35.0597,1260
35.0602,1282
35.0709,1307
35.0847,1335
35.0852,1364
35.0910,1390
35.1046,1416
35.1124,1447
35.1128,1475
35.1460,1500
35.1464,1526
35.1471,1551
35.1586,1575
35.1591,1593
35.1596,1606
35.1735,1621
35.1823,1634
35.1882,1645
35.1886,1655
35.2021,1663
35.2111,1670
35.2247,1677
35.2251,1690
35.2258,1713
35.2410,1759
35.2671,1831
35.2684,1940
35.2688,2089
35.2734,2291
35.2874,2537
35.2923,2823
35.3009,3125
35.3109,3434
35.3114,3723
35.3248,3812
35.3334,3811
35.3339,3812
35.3586,3812
35.3596,3813
35.3609,3812
35.3613,3813
35.3936,3798
35.3946,3634
35.4236,3386
35.4247,3089
35.4251,2772
35.4258,2451
35.4272,2135
35.4436,1839
35.4445,1570
35.4449,1335
35.4548,1135
35.4559,972
35.4723,846
35.4973,757
35.4984,696
35.4989,661
35.5097,652
35.5109,666
35.5113,700
35.5221,748
35.5359,816
35.5371,902
35.5522,1003
35.5527,1118
35.5571,1241
35.5709,1380
35.5847,1526
35.5851,1682
35.5909,1835
35.6162,1987
35.6172,2127
35.6176,2252
35.6360,2353
35.6364,2435
35.6499,2490
35.6624,2517
35.6629,2514
35.6634,2484
35.6748,2435
35.6885,2365
35.6890,2274
35.7123,2169
35.7371,2061
35.7385,1951
35.7398,1845
35.7411,1739
35.7416,1640
35.7421,1553
35.7709,1477
35.7721,1407
35.7723,1346
35.7733,1302
35.7821,1266
35.7986,1242
35.7992,1224
35.8134,1218
35.8139,1220
35.8184,1228
35.8347,1238
35.8597,1258
35.8602,1284
35.8609,1315
35.8648,1342
35.8659,1371
35.8663,1403
35.8846,1435
35.8858,1462
35.9099,1485
35.9103,1509
35.9108,1531
35.9261,1552
35.9271,1568
35.9408,1590
35.9413,1612
35.9723,1631
35.9798,1644
35.9809,1650
35.9813,1659
35.9821,1666
35.9921,1679
36.0060,1701
36.0071,1743
36.0075,1814
36.0423,1919
36.0434,2070
36.0448,2271
36.0460,2520
36.0598,2801
36.0603,3105
36.0709,3416
36.0959,3704
36.0964,3814
36.0971,3811
36.1062,3814
36.1184,3811
36.1188,3814
36.1333,3812
36.1338,3814
36.1396,3794
36.1561,3634
36.1566,3382
36.1859,3082
36.1871,2759
36.2124,2437
36.2133,2124
36.2137,1831
36.2234,1561
36.2246,1327
36.2259,1130
36.2272,966
36.2276,837
36.2423,741
36.2509,679
36.2599,640
36.2758,627
36.2763,642
36.2771,684
36.2911,745
36.2972,826
36.3371,926
36.3377,1046
36.3383,1183
36.3397,1333
36.3408,1495
36.3412,1663
36.3521,1833
36.3660,1995
36.3665,2147
36.3798,2280
36.3803,2398
36.3910,2488
36.4046,2552
36.4050,2588
36.4108,2600
36.4248,2580
36.4472,2528
36.4476,2458
36.4483,2367
36.4496,2263
36.4635,2146
36.4798,2031
36.4937,1919
36.4943,1809
36.4949,1706
36.5021,1608
36.5111,1523
36.5116,1448
36.5423,1385
36.5672,1336
36.5677,1300
36.5680,1277
36.5685,1261
36.5810,1258
36.5822,1265
36.5834,1279
36.5995,1295
36.6000,1315
36.6008,1336
36.6122,1361
36.6126,1384
36.6323,1405
36.6328,1426
36.6385,1446
36.6547,1468
36.6552,1483
36.6798,1498
36.6808,1509
36.7111,1523
36.7120,1535
36.7124,1557
36.7171,1586
36.7222,1637
36.7234,1714
36.7238,1825
36.7297,1982
36.7435,2196
36.7521,2461
36.7611,2770
36.7616,3106
36.7786,3447
36.8021,3770
36.8035,3812
36.8038,3814
36.8172,3812
36.8176,3812
36.8183,3812
36.8323,3813
36.8328,3813
36.8461,3812
36.8521,3813
36.8684,3645
36.8689,3380
36.8785,3059
36.8789,2715
36.8921,2366
36.9196,2033
36.9208,1729
36.9221,1458
36.9233,1221
36.9347,1022
36.9351,861
36.9409,738
36.9546,655
36.9596,601
36.9960,580
36.9964,591
36.9968,631
36.9972,691
36.9983,774
37.0121,880
37.0126,1007
37.0434,1145
37.0446,1299
37.0496,1462
37.0509,1634
37.0623,1810
37.0628,1979
37.0709,2141
37.0847,2285
37.0851,2409
37.0935,2505
37.1046,2573
37.1135,2608
37.1140,2614
37.1585,2585
37.1590,2530
37.1596,2452
37.1611,2359
37.1616,2250
37.1759,2132
37.1771,2006
37.1986,1882
37.1991,1765
37.1997,1653
37.2008,1554
37.2147,1467
37.2209,1398
37.2213,1341
37.2298,1299
37.2436,1270
37.2509,1251
37.2749,1243
37.2757,1241
37.2761,1248
37.2772,1261
37.2909,1278
37.3223,1296
37.3233,1317
37.3238,1344
37.3246,1370
37.3311,1395
37.3422,1417
37.3427,1441
37.3535,1463
37.3672,1483
37.3677,1506
37.4321,1537
37.4325,1577
37.4334,1633
37.4347,1720
37.4351,1848
37.4355,2030
37.4359,2264
37.4372,2551
37.4375,2885
37.4421,3246
37.4535,3604
37.4671,3811
37.4683,3813
37.4834,3813
37.4839,3813
37.4846,3811
37.5098,3813
37.5109,3812
37.5113,3812
37.5184,3811
37.5323,3811
37.5411,3755
37.5485,3527
37.5573,3215
37.5578,2863
37.5709,2504
37.5847,2159
37.5860,1837
37.5923,1546
37.6059,1294
37.6309,1088
37.6313,917
37.6395,784
37.6399,688
37.6408,632
37.6572,607
37.6576,610
37.6633,639
37.6884,701
37.6972,788
37.6975,900
37.6983,1031
37.7146,1184
37.7209,1351
37.7473,1530
37.7476,1714
37.7480,1892
37.7484,2069
37.7495,2233
37.7609,2372
37.7613,2479
37.7746,2559
37.7834,2607
37.7922,2621
37.7926,2599
37.8183,2553
37.8195,2481
37.8208,2393
37.8296,2286
37.8299,2170
37.8684,2052
37.8696,1932
37.8709,1811
37.8712,1697
37.8872,1597
37.8876,1506
37.8923,1426
37.9018,1359
37.9030,1309
37.9122,1276
37.9259,1248
37.9323,1232
37.9327,1228
37.9623,1239
37.9634,1251
37.9910,1267
37.9923,1290
37.9936,1318
37.9940,1352
37.9946,1381
38.0163,1406
38.0168,1432
38.0173,1458
38.0246,1482
38.0308,1506
38.0473,1530
38.0478,1561
38.0611,1595
38.0696,1640
38.0709,1705
38.1009,1808
38.1013,1951
38.1021,2142
38.1034,2393
38.1122,2695
38.1126,3041
38.1322,3396
38.1328,3746
38.1385,3812
38.1523,3811
38.1527,3812
38.1635,3814
38.1723,3813
38.1823,3812
38.1828,3814
38.1910,3813
38.2346,3812
38.2359,3813
38.2371,3734
38.2375,3494
38.2384,3182
38.2396,2841
38.2547,2497
38.2611,2165
38.2616,1853
38.2746,1579
38.2760,1344
38.2923,1146
38.2934,986
38.3198,867
38.3203,784
38.3208,732
38.3459,710
38.3464,716
38.3471,755
38.3483,818
38.3747,901
38.3751,1005
38.3770,1128
38.3774,1271
38.3884,1422
38.4047,1578
38.4051,1738
38.4058,1895
38.4311,2042
38.4323,2174
38.4572,2287
38.4577,2379
38.4583,2441
38.4596,2473
38.4735,2479
38.4799,2459
38.4803,2413
38.4959,2346
38.4973,2262
38.5135,2167
38.5148,2062
38.5298,1946
38.5360,1832
38.5449,1723
38.5453,1622
38.5499,1527
38.5759,1443
38.5771,1375
38.6123,1320
38.6134,1276
38.6138,1238
38.6171,1213
38.6372,1200
38.6384,1196
38.6395,1198
38.6398,1207
38.6409,1230
38.6560,1260
38.6564,1294
38.6571,1328
38.6859,1367
38.6872,1406
38.6877,1443
38.6998,1479
38.7008,1511
38.7123,1546
38.7261,1574
38.7266,1594
38.7271,1608
38.7411,1626
38.7496,1642
38.7636,1655
38.7640,1668
38.7696,1684
38.7834,1712
38.8136,1756
38.8140,1825
38.8208,1934
38.8258,2097
38.8262,2312
38.8322,2572
38.8325,2871
38.8486,3195
38.8534,3520
38.8672,3811
38.8676,3813
38.8846,3811
38.8851,3813
38.8858,3812
38.9022,3812
38.9026,3812
38.9296,3812
38.9308,3812
38.9321,3749
38.9420,3536
38.9425,3253
38.9558,2929
38.9571,2587
38.9721,2254
38.9734,1940
38.9738,1658
38.9871,1411
39.0034,1203
39.0109,1034
39.0113,907
39.0396,811
39.0408,743
39.0509,705
39.0520,698
39.0663,712
39.0668,750
39.0673,811
39.0835,893
39.0846,992
39.0935,1104
39.1021,1231
39.1172,1367
39.1176,1509
39.1322,1655
39.1328,1798
39.1411,1933
39.1659,2055
39.1748,2161
39.1886,2244
39.1890,2306
39.1896,2343
39.1900,2353
39.2059,2339
39.2071,2301
39.2134,2246
39.2422,2168
39.2435,2081
39.2440,1982
39.2446,1881
39.2471,1780
39.2724,1682
39.2728,1586
39.2734,1498
39.2860,1422
39.2871,1355
39.3009,1296
39.3013,1249
39.3071,1213
39.3223,1187
39.3360,1172
39.3369,1166
39.3373,1171
39.3521,1183
39.3609,1197
39.3698,1217
39.3985,1246
39.3989,1279
39.3997,1312
39.4008,1345
39.4012,1380
39.4172,1416
39.4183,1449
39.4461,1480
39.4466,1506
39.4472,1532
39.4483,1554
39.4623,1578
39.4735,1598
39.4798,1616
39.4803,1631
39.4935,1644
39.5209,1657
39.5223,1668
39.5228,1677
39.5323,1678
39.5333,1679
39.5474,1678
39.5479,1673
39.5520,1663
39.5662,1646
39.5834,1632
39.5975,1621
39.5980,1610
39.6021,1604
39.6274,1614
39.6280,1643
39.6284,1701
39.6495,1794
39.6501,1933
39.6508,2126
39.6522,2365
39.6526,2641
39.6671,2944
39.6684,3255
39.6847,3553
39.6851,3812
39.6858,3813
39.6998,3811
39.7136,3811
39.7198,3812
39.7298,3813
39.7546,3811
39.7551,3790
39.7558,3620
39.7634,3371
39.7638,3071
39.7722,2751
39.7811,2432
39.7949,2118
39.7953,1823
39.7959,1558
39.8111,1333
39.8198,1147
39.8359,998
39.8364,885
39.8370,806
39.8697,758
39.8708,734
39.8960,737
39.8972,763
39.8977,814
39.9034,880
39.9047,963
39.9051,1065
39.9184,1183
39.9197,1309
39.9373,1442
39.9378,1582
39.9383,1725
39.9522,1862
39.9635,1993
39.9884,2111
39.9897,2212
39.9901,2291
39.9959,2344
39.9972,2373
40.0223,2379
40.0227,2356
40.0311,2310
40.0372,2246
40.0461,2166
40.0466,2076
40.0558,1979
40.0798,1872
40.0809,1772
40.1099,1678
40.1103,1591
40.1108,1510
40.1248,1437
40.1259,1374
40.1263,1323
40.1271,1282
40.1284,1250
40.1435,1231
40.1497,1222
40.1501,1220
40.1665,1227
40.1723,1242
40.1860,1264
40.1865,1289
40.1871,1313
40.2035,1341
40.2298,1377
40.2309,1414
40.2313,1446
40.2353,1476
40.2358,1507
40.2509,1541
40.2748,1566
40.2757,1587
40.2761,1608
40.2771,1628
40.2922,1648
40.3298,1664
40.3308,1678
40.3313,1695
40.3572,1711
40.3584,1722
40.3683,1732
40.3687,1739
40.3698,1744
40.3709,1745
40.3714,1745
40.3972,1745
40.3977,1742
40.4037,1732
40.4098,1721
40.4103,1707
40.4234,1695
40.4373,1676
40.4659,1657
40.4669,1639
40.4673,1627
40.4683,1620
40.4708,1624
40.4721,1652
40.4725,1709
40.4885,1804
40.4948,1940
40.5196,2123
40.5210,2353
40.5214,2616
40.5274,2897
40.5284,3182
40.5423,3456
40.5428,3695
40.5597,3812
40.5602,3811
40.5911,3813
40.5923,3812
40.5959,3812
40.5963,3778
40.6008,3627
40.6148,3409
40.6153,3148
40.6296,2861
40.6300,2563
40.6409,2266
40.6547,1986
40.6551,1727
40.6611,1493
40.6873,1294
40.6884,1135
40.6888,1006
40.7098,909
40.7109,840
40.7121,805
40.7286,796
40.7291,812
40.7295,851
40.7436,915
40.7573,1005
40.7636,1111
40.7640,1232
40.7798,1365
40.7846,1513
40.7936,1666
40.7941,1818
40.8196,1971
40.8208,2116
40.8222,2250
40.8361,2358
40.8366,2445
40.8371,2499
40.8521,2522
40.8661,2515
40.8664,2481
40.8833,2424
40.8836,2350
40.8846,2258
40.8984,2157
40.8987,2048
40.9121,1939
40.9384,1826
40.9396,1718
40.9407,1619
40.9410,1531
40.9546,1451
40.9558,1383
40.9809,1330
40.9821,1294
40.9828,1266
40.9921,1248
40.9984,1241
41.0122,1245
41.0127,1259
41.0258,1275
41.0271,1296
41.0548,1318
41.0552,1346
41.0570,1374
41.0574,1400
41.0708,1431
41.0996,1466
41.1000,1498
41.1008,1534
41.1021,1566
41.1159,1599
41.1162,1630
41.1447,1654
41.1452,1677
41.1458,1702
41.1723,1725
41.1728,1743
41.1733,1753
41.1985,1763
41.1996,1769
41.2086,1772
41.2091,1768
41.2096,1761
41.2109,1755
41.2360,1744
41.2364,1731
41.2371,1716
41.2383,1704
41.2534,1694
41.2584,1685
41.2588,1682
41.2873,1697
41.2884,1733
41.2998,1800
41.3009,1903
41.3147,2054
41.3151,2257
41.3158,2506
41.3311,2789
41.3316,3089
41.3448,3396
41.3509,3685
41.3622,3810
41.3626,3811
41.3798,3811
41.3802,3813
41.4073,3811
41.4172,3810
41.4177,3812
41.4183,3775
41.4197,3590
41.4334,3328
41.4339,3022
41.4346,2700
41.4598,2373
41.4609,2061
41.4749,1776
41.4753,1525
41.4759,1311
41.5036,1134
41.5046,993
41.5361,888
41.5365,820
41.5370,779
41.5396,766
41.5409,782
41.5648,822
41.5658,887
41.5662,973
41.5671,1081
41.5823,1207
41.5828,1347
41.5910,1496
41.6071,1650
41.6136,1809
41.6140,1964
41.6397,2110
41.6402,2242
41.6521,2356
41.6662,2447
41.6667,2510
41.6748,2538
41.6753,2537
41.6834,2507
41.6837,2447
41.6896,2370
41.7034,2274
41.7098,2170
41.7208,2058
41.7273,1943
41.7278,1828
41.7410,1720
41.7671,1620
41.7684,1530
41.7688,1448
41.7709,1379
41.8021,1324
41.8035,1280
41.8040,1245
41.8058,1223
41.8062,1215
41.8235,1217
41.8286,1223
41.8422,1238
41.8426,1258
41.8509,1283
41.8796,1311
41.8800,1344
41.8819,1381
41.8823,1419
41.8922,1456
41.9061,1487
41.9065,1519
41.9071,1550
41.9235,1577
41.9323,1601
41.9328,1624
41.9410,1648
41.9548,1669
41.9611,1687
41.9773,1702
41.9778,1720
41.9996,1735
42.0009,1747
42.0020,1753
42.0136,1758
42.0140,1761
42.0234,1757
42.0371,1749
42.0460,1739
42.0509,1726
42.0514,1710
42.0648,1693
42.0735,1682
42.0872,1681
42.0875,1694
42.0933,1731
42.1171,1799
42.1184,1919
42.1188,2095
42.1297,2329
42.1302,2615
42.1435,2942
42.1497,3288
42.1502,3629
42.1635,3812
42.1697,3812
42.1834,3812
42.1897,3811
42.1901,3812
42.2034,3812
42.2110,3812
42.2372,3815
42.2377,3813
42.2383,3804
42.2423,3624
42.2483,3352
42.2622,3028
42.2626,2686
42.2709,2352
42.2846,2038
42.3111,1753
42.3116,1506
42.3122,1303
42.3209,1142
42.3213,1019
42.3486,930
42.3609,876
42.3614,851
42.3621,854
42.3633,880
42.3709,926
42.3846,991
42.3850,1072
42.3859,1169
42.3997,1278
42.4002,1399
42.4110,1532
42.4423,1668
42.4435,1804
42.4441,1939
42.4684,2069
42.4698,2184
42.4823,2279
42.4834,2353
42.4846,2402
42.4850,2425
42.4909,2415
42.5148,2380
42.5159,2324
42.5165,2250
42.5222,2158
42.5334,2057
42.5422,1946
42.5427,1837
42.5584,1730
42.5648,1623
42.5910,1530
42.5923,1447
42.5928,1374
42.6035,1313
42.6046,1262
42.6123,1228
42.6259,1206
42.6270,1194
42.6275,1190
42.6410,1198
42.6560,1214
42.6648,1230
42.6696,1250
42.6761,1275
42.6823,1303
42.6828,1332
42.7073,1358
42.7085,1391
42.7209,1425
42.7224,1460
42.7228,1495
42.7271,1526
42.7410,1556
42.7496,1580
42.7612,1600
42.7617,1618
42.7748,1633
42.7811,1647
42.7948,1657
42.7953,1661
42.7958,1664
42.8261,1668
42.8273,1673
42.8285,1674
42.8447,1673
42.8451,1676
42.8535,1675
42.8623,1677
42.8761,1678
42.8821,1680
42.8826,1681
42.8959,1674
42.9046,1665
42.9051,1658
42.9109,1651
42.9408,1642
42.9422,1630
42.9425,1617
42.9429,1610
42.9483,1601
42.9621,1603
42.9684,1623
42.9688,1678
42.9821,1780
42.9909,1927
42.9998,2134
43.0146,2405
43.0151,2727
43.0158,3084
43.0297,3449
43.0571,3794
43.0583,3814
43.0833,3811
43.0838,3812
43.0845,3813
43.0948,3812
43.0957,3812
43.0962,3811
43.0970,3812
43.1223,3813
43.1236,3812
43.1240,3644
43.1411,3359
43.1711,3020
43.1716,2667
43.1720,2312
43.1724,1977
43.1911,1678
43.1923,1420
43.1928,1211
43.1933,1039
43.2085,914
43.2135,826
43.2223,771
43.2311,746
43.2316,747
43.2397,772
43.2534,822
43.2622,890
43.2626,975
43.2708,1080
43.3009,1201
43.3021,1334
43.3025,1478
43.3134,1626
43.3139,1776
43.3221,1919
43.3286,2052
43.3291,2171
43.3446,2274
43.3458,2354
43.3698,2408
43.3709,2433
43.3820,2433
43.3825,2408
43.3896,2360
43.4148,2288
43.4153,2201
43.4163,2101
43.4248,1988
43.4334,1870
43.4339,1752
43.4534,1642
43.4539,1541
43.4598,1447
43.4797,1368
43.4809,1302
43.4814,1247
43.4898,1203
43.4985,1170
43.5123,1152
43.5128,1148
43.5573,1147
43.5635,1156
43.5646,1174
43.5659,1201
43.5670,1233
43.5674,1263
43.5683,1292
43.5834,1327
43.5839,1360
43.5923,1392
43.6009,1418
43.6148,1447
43.6153,1479
43.6560,1509
43.6564,1533
43.6570,1557
43.6584,1582
43.6596,1605
43.6633,1622
43.6722,1636
43.6859,1646
43.6863,1654
43.7282,1654
43.7287,1656
43.7295,1661
43.7308,1668
43.7320,1676
43.7324,1682
43.7598,1689
43.7603,1692
43.7773,1691
43.7778,1686
43.7784,1684
43.7796,1678
43.8086,1666
43.8097,1655
43.8102,1638
43.8108,1626
43.8223,1608
43.8309,1588
43.8446,1567
43.8451,1548
43.8458,1531
43.8623,1516
43.8671,1509
43.8921,1520
43.8926,1558
43.8933,1631
43.9047,1748
43.9051,1925
43.9096,2166
43.9233,2464
43.9298,2804
43.9411,3172
43.9416,3543
43.9560,3814
43.9571,3812
43.9709,3811
43.9714,3812
43.9773,3814
44.0111,3813
44.0163,3812
44.0171,3811
44.0177,3813
44.0183,3811
44.0360,3736
44.0497,3488
44.0502,3169
44.0508,2809
44.0671,2440
44.0683,2088
44.0823,1766
44.0830,1481
44.0910,1235
44.1021,1035
44.1271,886
44.1275,776
44.1294,705
44.1298,665
44.1408,657
44.1546,677
44.1549,719
44.1684,781
44.1771,867
44.1834,971
44.1838,1091
44.2057,1224
44.2061,1376
44.2146,1542
44.2434,1712
44.2444,1877
44.2448,2033
44.2546,2177
44.2558,2302
44.2570,2401
44.2573,2473
44.2821,2518
44.2833,2535
44.2921,2522
44.2971,2481
44.2976,2413
44.3108,2330
44.3246,2226
44.3258,2111
44.3262,1987
44.3946,1866
44.3960,1749
44.4059,1639
44.4071,1532
44.4082,1439
44.4087,1358
44.4096,1289
44.4133,1230
44.4145,1189
44.4158,1162
44.4411,1145
44.4421,1136
44.4426,1141
44.4547,1157
44.4552,1178
44.4846,1207
44.4859,1239
44.4871,1275
44.4876,1315
44.4909,1353
44.5084,1390
44.5098,1425
44.5102,1460
44.5233,1492
44.5297,1523
44.5485,1552
44.5496,1584
44.5620,1611
44.5625,1634
44.5671,1656
44.5996,1679
44.6008,1697
44.6098,1711
44.6109,1721
44.6121,1736
44.6125,1751
44.6223,1761
44.6310,1766
44.6448,1769
44.6459,1768
44.6463,1764
44.6660,1756
44.6671,1748
44.6811,1741
44.6816,1730
44.7183,1716
44.7188,1702
44.7196,1690
44.7248,1685
44.7259,1692
44.7263,1726
44.7508,1798
44.7521,1916
44.7598,2084
44.7603,2307
44.7796,2580
44.7810,2889
44.7947,3215
44.7952,3529
44.8085,3808
44.8396,3811
44.8410,3811
44.8448,3814
44.8453,3813
44.8458,3812
44.8635,3812
44.8648,3812
44.8653,3673
44.8796,3437
44.8800,3148
44.8910,2830
44.9046,2499
44.9051,2178
44.9133,1878
44.9221,1607
44.9535,1370
44.9543,1173
44.9621,1014
44.9624,893
44.9659,808
44.9671,751
45.0071,724
45.0076,721
45.0083,740
45.0095,783
45.0109,850
45.0113,937
45.0259,1040
45.0271,1157
45.0408,1289
45.0472,1437
45.0733,1590
45.0738,1744
45.0745,1896
45.0885,2046
45.0889,2190
45.0896,2316
45.1046,2421
45.1058,2504
45.1198,2551
45.1308,2565
45.1313,2547
45.1446,2502
45.1458,2432
45.1462,2336
45.1598,2228
45.1885,2112
45.1897,1993
45.2021,1871
45.2033,1748
45.2036,1626
45.2098,1516
45.2334,1416
45.2422,1328
45.2427,1252
45.2485,1192
45.2535,1151
45.2671,1121
45.2675,1104
45.2811,1104
45.3073,1119
45.3085,1144
45.3090,1176
45.3148,1214
45.3160,1256
45.3171,1300
45.3436,1344
45.3440,1387
45.3445,1427
45.3533,1469
45.3623,1505
45.3628,1536
45.3910,1564
45.3914,1592
45.3921,1612
45.4009,1627
45.4261,1641
45.4271,1649
45.4310,1653
45.4323,1652
45.4328,1648
45.4497,1643
45.4502,1639
45.4635,1630
45.4697,1629
45.4798,1634
45.4803,1652
45.4972,1684
45.4985,1745
45.5122,1855
45.5126,2024
45.5183,2252
45.5448,2541
45.5458,2873
45.5509,3238
45.5514,3599
45.5598,3812
45.5735,3812
45.5746,3813
45.5751,3811
45.5996,3812
45.6008,3811
45.6073,3813
45.6078,3812
45.6333,3812
45.6337,3812
45.6585,3783
45.6596,3571
45.6601,3265
45.6833,2910
45.6846,2542
45.6859,2181
45.6863,1848
45.7134,1544
45.7139,1279
45.7222,1058
45.7311,880
45.7316,742
45.7396,640
45.7483,575
45.7533,540
45.7823,535
45.7828,554
45.7833,599
45.7884,667
45.7895,760
45.7996,873
45.8084,1005
45.8089,1154
45.8171,1319
45.8311,1492
45.8316,1675
45.8422,1858
45.8560,2031
45.8623,2190
45.8628,2329
45.8884,2449
45.8889,2544
45.9073,2603
45.9083,2625
45.9098,2612
45.9148,2573
45.9285,2507
45.9298,2415
45.9385,2306
45.9390,2186
45.9546,2059
45.9558,1929
45.9798,1805
45.9807,1684
45.9812,1569
46.0198,1463
46.0209,1367
46.0222,1289
46.0226,1228
46.0234,1178
46.0346,1144
46.0436,1123
46.0440,1116
46.0445,1120
46.0584,1127
46.0698,1145
46.0835,1172
46.0840,1203
46.0923,1236
46.1009,1274
46.1385,1316
46.1390,1358
46.1409,1396
46.1456,1430
46.1459,1465
46.1508,1494
46.1512,1518
46.1648,1533
46.1708,1544
46.1847,1553
46.1851,1561
46.2097,1568
46.2102,1578
46.2109,1596
46.2284,1632
46.2289,1702
46.2296,1815
46.2534,1984
46.2546,2219
46.2559,2514
46.2563,2858
46.2823,3233
46.2833,3608
46.2973,3811
46.2984,3813
46.2988,3812
46.3098,3813
46.3235,3812
46.3246,3814
46.3251,3812
46.3422,3813
46.3710,3811
46.3723,3812
46.3728,3813
46.3796,3633
46.3800,3336
46.3959,2983
46.4098,2604
46.4103,2230
46.4108,1882
46.4248,1565
46.4311,1290
46.4316,1058
46.4508,873
46.4512,734
46.4598,631
46.4898,564
46.4910,531
46.4915,527
46.4934,549
46.5071,595
46.5084,669
46.5088,764
46.5234,874
46.5322,999
46.5447,1141
46.5452,1292
46.5485,1449
46.5621,1608
46.5671,1761
46.5811,1914
46.5816,2057
46.6096,2179
46.6183,2278
46.6271,2354
46.6276,2404
46.6333,2423
46.6346,2415
46.6521,2384
46.6663,2331
46.6667,2260
46.6672,2172
46.6677,2074
46.6836,1974
46.6845,1867
46.6985,1758
46.6989,1653
46.7235,1553
46.7248,1461
46.7334,1381
46.7339,1311
46.7346,1253
46.7484,1207
46.7646,1170
46.7651,1144
46.7697,1130
46.7833,1124
46.7897,1126
46.8008,1135
46.8098,1151
46.8103,1173
46.8171,1200
46.8423,1229
46.8427,1258
46.8433,1288
46.8484,1321
46.8623,1346
46.8761,1369
46.8766,1391
46.8822,1409
46.8960,1426
46.9271,1439
46.9275,1454
46.9283,1471
46.9295,1494
46.9308,1528
46.9671,1584
46.9675,1684
46.9683,1832
46.9733,2036
46.9746,2304
46.9757,2632
46.9761,2999
46.9895,3376
47.0046,3737
47.0059,3811
47.0064,3813
47.0196,3813
47.0333,3810
47.0396,3812
47.0533,3814
47.0546,3812
47.0550,3812
47.0798,3812
47.0809,3814
47.0813,3632
47.0934,3338
47.1021,2990
47.1110,2624
47.1175,2261
47.1410,1917
47.1414,1601
47.1459,1601
47.1546,1098
47.1551,911
47.1611,758
47.1746,647
47.2009,576
47.2013,539
47.2058,531
47.2062,551
47.2070,596
47.2384,666
47.2396,756
47.2400,868
47.2409,999
47.2561,1148
47.2573,1302
47.2578,1467
47.2709,1636
47.2822,1803
47.3086,1962
47.3090,2105
47.3095,2229
47.3198,2330
47.3209,2401
47.3309,2444
47.3445,2458
47.3450,2446
47.3496,2411
47.3622,2352
47.3684,2272
47.3820,2179
47.3827,2080
47.3883,1974
47.4046,1866
47.4050,1762
47.4057,1665
47.4309,1578
47.4321,1495
47.4325,1424
47.4733,1368
47.4738,1323
47.4742,1285
47.4747,1257
47.4757,1240
47.4761,1235
47.4921,1235
47.5058,1237
47.5071,1247
47.5074,1263
47.5208,1280
47.5496,1299
47.5509,1321
47.5513,1344
47.5758,1365
47.5772,1383
47.5946,1399
47.5958,1415
47.5961,1431
47.5970,1444
47.5982,1461
47.6236,1489
47.6240,1529
47.6258,1592
47.6262,1691
47.6410,1837
47.6760,2033
47.6774,2277
47.6796,2560
47.6808,2876
47.6820,3202
47.6824,3511
47.6923,3779
47.7009,3814
47.7146,3811
47.7210,3811
47.7214,3812
47.7298,3813
47.7435,3812
47.7496,3763
47.7611,3578
47.7616,3320
47.7859,3021
47.7870,2703
47.7961,2376
47.7966,2055
47.7972,1751
47.8123,1477
47.8259,1235
47.8346,1031
47.8351,866
47.8396,735
47.8535,639
47.8623,571
47.8761,530
47.8821,517
47.8826,539
47.9071,586
47.9083,657
47.9087,746
47.9171,855
47.9184,982
47.9372,1123
47.9377,1280
47.9508,1448
47.9511,1620
47.9623,1784
47.9760,1940
47.9770,2088
47.9774,2221
47.9922,2329
47.9983,2406
48.0235,2457
48.0240,2480
48.0246,2467
48.0296,2427
48.0521,2364
48.0534,2284
48.0538,2188
48.0546,2079
48.0684,1965
48.0959,1851
48.0964,1739
48.0970,1630
48.0985,1528
48.1121,1442
48.1133,1367
48.1410,1304
48.1415,1254
48.1421,1218
48.1536,1194
48.1546,1181
48.1648,1175
48.1733,1180
48.2047,1193
48.2051,1212
48.2072,1232
48.2077,1254
48.2083,1277
48.2609,1298
48.2623,1317
48.2627,1333
